,agent1
ep1,32.957730757419384
ep2,-13.994164535871148
ep3,-13.994164535871148
ep4,29.00875319619327
ep5,30.311871915346735
ep6,-13.994164535871148
ep7,35.65731125132067
ep8,30.311871915346735
ep9,38.41170416418801
ep10,38.41170416418801
ep11,29.00875319619327
ep12,35.65731125132067
ep13,32.957730757419384
ep14,30.311871915346735
ep15,-13.994164535871148
ep16,37.02758712254613
ep17,-13.994164535871148
ep18,38.41170416418801
ep19,-13.994164535871148
ep20,31.628153449845186
ep21,30.311871915346735
ep22,29.00875319619327
ep23,-13.994164535871148
ep24,-13.994164535871148
ep25,31.628153449845186
ep26,-13.994164535871148
ep27,-13.994164535871148
ep28,-13.994164535871148
ep29,-13.994164535871148
ep30,-13.994164535871148
ep31,31.628153449845186
ep32,-13.994164535871148
ep33,31.628153449845186
ep34,-13.994164535871148
ep35,34.30073813880746
ep36,29.00875319619327
ep37,-13.994164535871148
ep38,-13.994164535871148
ep39,32.957730757419384
ep40,38.41170416418801
ep41,-13.994164535871148
ep42,32.957730757419384
ep43,-13.994164535871148
ep44,30.311871915346735
ep45,32.957730757419384
ep46,-13.994164535871148
ep47,-13.994164535871148
ep48,-13.994164535871148
ep49,-13.994164535871148
ep50,-13.994164535871148
ep51,39.80980218604849
ep52,30.311871915346735
ep53,-13.994164535871148
ep54,-13.994164535871148
ep55,30.311871915346735
ep56,35.65731125132067
ep57,31.628153449845186
ep58,-13.994164535871148
ep59,-13.994164535871148
ep60,31.628153449845186
ep61,37.02758712254613
ep62,34.30073813880746
ep63,-13.994164535871148
ep64,-13.994164535871148
ep65,29.00875319619327
ep66,-13.994164535871148
ep67,30.311871915346735
ep68,32.957730757419384
ep69,30.311871915346735
ep70,31.628153449845186
ep71,35.65731125132067
ep72,-13.994164535871148
ep73,35.65731125132067
ep74,35.65731125132067
ep75,-13.994164535871148
ep76,-13.994164535871148
ep77,31.628153449845186
ep78,30.311871915346735
ep79,-13.994164535871148
ep80,34.30073813880746
ep81,-13.994164535871148
ep82,-13.994164535871148
ep83,-13.994164535871148
ep84,-13.994164535871148
ep85,-13.994164535871148
ep86,41.22202241015
ep87,41.22202241015
ep88,32.957730757419384
ep89,-13.994164535871148
ep90,38.41170416418801
ep91,-13.994164535871148
ep92,29.00875319619327
ep93,35.65731125132067
ep94,-13.994164535871148
ep95,30.311871915346735
ep96,-13.994164535871148
ep97,29.00875319619327
ep98,32.957730757419384
ep99,-13.994164535871148
ep100,30.311871915346735
ep101,30.311871915346735
ep102,-13.994164535871148
ep103,29.00875319619327
ep104,-13.994164535871148
ep105,-13.994164535871148
ep106,39.80980218604849
ep107,-13.994164535871148
ep108,-13.994164535871148
ep109,32.957730757419384
ep110,31.628153449845186
ep111,-13.994164535871148
ep112,30.311871915346735
ep113,-13.994164535871148
ep114,32.957730757419384
ep115,-13.994164535871148
ep116,-13.994164535871148
ep117,30.311871915346735
ep118,32.957730757419384
ep119,-13.994164535871148
ep120,-13.994164535871148
ep121,32.957730757419384
ep122,31.628153449845186
ep123,34.30073813880746
ep124,30.311871915346735
ep125,30.311871915346735
ep126,-13.994164535871148
ep127,30.311871915346735
ep128,-13.994164535871148
ep129,29.00875319619327
ep130,-13.994164535871148
ep131,32.957730757419384
ep132,-13.994164535871148
ep133,-13.994164535871148
ep134,30.311871915346735
ep135,-13.994164535871148
ep136,-13.994164535871148
ep137,-13.994164535871148
ep138,32.957730757419384
ep139,38.41170416418801
ep140,30.311871915346735
ep141,-13.994164535871148
ep142,31.628153449845186
ep143,30.311871915346735
ep144,-13.994164535871148
ep145,-13.994164535871148
ep146,31.628153449845186
ep147,29.00875319619327
ep148,-13.994164535871148
ep149,30.311871915346735
ep150,38.41170416418801
ep151,30.311871915346735
ep152,29.00875319619327
ep153,35.65731125132067
ep154,30.311871915346735
ep155,37.02758712254613
ep156,-13.994164535871148
ep157,34.30073813880746
ep158,-13.994164535871148
ep159,-13.994164535871148
ep160,29.00875319619327
ep161,30.311871915346735
ep162,-13.994164535871148
ep163,35.65731125132067
ep164,-13.994164535871148
ep165,-13.994164535871148
ep166,31.628153449845186
ep167,-13.994164535871148
ep168,-13.994164535871148
ep169,31.628153449845186
ep170,31.628153449845186
ep171,29.00875319619327
ep172,32.957730757419384
ep173,-13.994164535871148
ep174,31.628153449845186
ep175,30.311871915346735
ep176,31.628153449845186
ep177,31.628153449845186
ep178,-13.994164535871148
ep179,30.311871915346735
ep180,31.628153449845186
ep181,34.30073813880746
ep182,31.628153449845186
ep183,-13.994164535871148
ep184,-13.994164535871148
ep185,32.957730757419384
ep186,30.311871915346735
ep187,-13.994164535871148
ep188,37.02758712254613
ep189,30.311871915346735
ep190,-13.994164535871148
ep191,31.628153449845186
ep192,30.311871915346735
ep193,-13.994164535871148
ep194,-13.994164535871148
ep195,29.00875319619327
ep196,29.00875319619327
ep197,-13.994164535871148
ep198,-13.994164535871148
ep199,-13.994164535871148
ep200,-13.994164535871148
ep201,31.628153449845186
ep202,-13.994164535871148
ep203,31.628153449845186
ep204,32.957730757419384
ep205,-13.994164535871148
ep206,-13.994164535871148
ep207,-13.994164535871148
ep208,31.628153449845186
ep209,34.30073813880746
ep210,-13.994164535871148
ep211,29.00875319619327
ep212,34.30073813880746
ep213,30.311871915346735
ep214,35.65731125132067
ep215,-13.994164535871148
ep216,-13.994164535871148
ep217,34.30073813880746
ep218,32.957730757419384
ep219,-13.994164535871148
ep220,-13.994164535871148
ep221,-13.994164535871148
ep222,-13.994164535871148
ep223,37.02758712254613
ep224,30.311871915346735
ep225,38.41170416418801
ep226,-13.994164535871148
ep227,-13.994164535871148
ep228,31.628153449845186
ep229,-13.994164535871148
ep230,29.00875319619327
ep231,-13.994164535871148
ep232,-13.994164535871148
ep233,32.957730757419384
ep234,-13.994164535871148
ep235,-13.994164535871148
ep236,30.311871915346735
ep237,29.00875319619327
ep238,-13.994164535871148
ep239,30.311871915346735
ep240,30.311871915346735
ep241,-13.994164535871148
ep242,35.65731125132067
ep243,35.65731125132067
ep244,37.02758712254613
ep245,35.65731125132067
ep246,38.41170416418801
ep247,-13.994164535871148
ep248,-13.994164535871148
ep249,30.311871915346735
ep250,-13.994164535871148
ep251,34.30073813880746
ep252,-13.994164535871148
ep253,39.80980218604849
ep254,-13.994164535871148
ep255,31.628153449845186
ep256,31.628153449845186
ep257,-13.994164535871148
ep258,-13.994164535871148
ep259,38.41170416418801
ep260,-13.994164535871148
ep261,-13.994164535871148
ep262,-13.994164535871148
ep263,30.311871915346735
ep264,30.311871915346735
ep265,-13.994164535871148
ep266,32.957730757419384
ep267,-13.994164535871148
ep268,-13.994164535871148
ep269,30.311871915346735
ep270,-13.994164535871148
ep271,-13.994164535871148
ep272,-13.994164535871148
ep273,-13.994164535871148
ep274,-13.994164535871148
ep275,30.311871915346735
ep276,31.628153449845186
ep277,-13.994164535871148
ep278,29.00875319619327
ep279,34.30073813880746
ep280,30.311871915346735
ep281,-13.994164535871148
ep282,-13.994164535871148
ep283,-13.994164535871148
ep284,38.41170416418801
ep285,31.628153449845186
ep286,-13.994164535871148
ep287,-13.994164535871148
ep288,37.02758712254613
ep289,30.311871915346735
ep290,-13.994164535871148
ep291,38.41170416418801
ep292,-13.994164535871148
ep293,-13.994164535871148
ep294,-13.994164535871148
ep295,-13.994164535871148
ep296,29.00875319619327
ep297,-13.994164535871148
ep298,35.65731125132067
ep299,-13.994164535871148
ep300,31.628153449845186
ep301,-13.994164535871148
ep302,-13.994164535871148
ep303,30.311871915346735
ep304,30.311871915346735
ep305,-13.994164535871148
ep306,-13.994164535871148
ep307,29.00875319619327
ep308,-13.994164535871148
ep309,35.65731125132067
ep310,31.628153449845186
ep311,-13.994164535871148
ep312,-13.994164535871148
ep313,34.30073813880746
ep314,30.311871915346735
ep315,32.957730757419384
ep316,29.00875319619327
ep317,-13.994164535871148
ep318,31.628153449845186
ep319,31.628153449845186
ep320,-13.994164535871148
ep321,37.02758712254613
ep322,37.02758712254613
ep323,-13.994164535871148
ep324,-13.994164535871148
ep325,-13.994164535871148
ep326,30.311871915346735
ep327,-13.994164535871148
ep328,-13.994164535871148
ep329,-13.994164535871148
ep330,29.00875319619327
ep331,-13.994164535871148
ep332,-13.994164535871148
ep333,29.00875319619327
ep334,32.957730757419384
ep335,-13.994164535871148
ep336,-13.994164535871148
ep337,31.628153449845186
ep338,32.957730757419384
ep339,38.41170416418801
ep340,30.311871915346735
ep341,30.311871915346735
ep342,30.311871915346735
ep343,-13.994164535871148
ep344,29.00875319619327
ep345,-13.994164535871148
ep346,30.311871915346735
ep347,35.65731125132067
ep348,31.628153449845186
ep349,-13.994164535871148
ep350,30.311871915346735
ep351,35.65731125132067
ep352,30.311871915346735
ep353,32.957730757419384
ep354,-13.994164535871148
ep355,-13.994164535871148
ep356,-13.994164535871148
ep357,-13.994164535871148
ep358,32.957730757419384
ep359,-13.994164535871148
ep360,31.628153449845186
ep361,32.957730757419384
ep362,-13.994164535871148
ep363,29.00875319619327
ep364,-13.994164535871148
ep365,31.628153449845186
ep366,31.628153449845186
ep367,29.00875319619327
ep368,32.957730757419384
ep369,-13.994164535871148
ep370,31.628153449845186
ep371,-13.994164535871148
ep372,30.311871915346735
ep373,31.628153449845186
ep374,35.65731125132067
ep375,-13.994164535871148
ep376,30.311871915346735
ep377,-13.994164535871148
ep378,-13.994164535871148
ep379,31.628153449845186
ep380,30.311871915346735
ep381,-13.994164535871148
ep382,-13.994164535871148
ep383,30.311871915346735
ep384,37.02758712254613
ep385,30.311871915346735
ep386,32.957730757419384
ep387,-13.994164535871148
ep388,34.30073813880746
ep389,-13.994164535871148
ep390,31.628153449845186
ep391,-13.994164535871148
ep392,-13.994164535871148
ep393,32.957730757419384
ep394,32.957730757419384
ep395,-13.994164535871148
ep396,32.957730757419384
ep397,-13.994164535871148
ep398,30.311871915346735
ep399,29.00875319619327
ep400,31.628153449845186
ep401,31.628153449845186
ep402,-13.994164535871148
ep403,41.22202241015
ep404,30.311871915346735
ep405,-13.994164535871148
ep406,-13.994164535871148
ep407,35.65731125132067
ep408,31.628153449845186
ep409,-13.994164535871148
ep410,32.957730757419384
ep411,-13.994164535871148
ep412,30.311871915346735
ep413,31.628153449845186
ep414,35.65731125132067
ep415,31.628153449845186
ep416,-13.994164535871148
ep417,-13.994164535871148
ep418,31.628153449845186
ep419,-13.994164535871148
ep420,30.311871915346735
ep421,30.311871915346735
ep422,-13.994164535871148
ep423,-13.994164535871148
ep424,-13.994164535871148
ep425,-13.994164535871148
ep426,37.02758712254613
ep427,-13.994164535871148
ep428,-13.994164535871148
ep429,32.957730757419384
ep430,-13.994164535871148
ep431,32.957730757419384
ep432,-13.994164535871148
ep433,-13.994164535871148
ep434,30.311871915346735
ep435,32.957730757419384
ep436,32.957730757419384
ep437,29.00875319619327
ep438,-13.994164535871148
ep439,31.628153449845186
ep440,-13.994164535871148
ep441,-13.994164535871148
ep442,30.311871915346735
ep443,30.311871915346735
ep444,-13.994164535871148
ep445,31.628153449845186
ep446,37.02758712254613
ep447,38.41170416418801
ep448,-13.994164535871148
ep449,30.311871915346735
ep450,30.311871915346735
ep451,-13.994164535871148
ep452,29.00875319619327
ep453,-13.994164535871148
ep454,-13.994164535871148
ep455,-13.994164535871148
ep456,-13.994164535871148
ep457,35.65731125132067
ep458,-13.994164535871148
ep459,37.02758712254613
ep460,-13.994164535871148
ep461,35.65731125132067
ep462,38.41170416418801
ep463,-13.994164535871148
ep464,30.311871915346735
ep465,30.311871915346735
ep466,31.628153449845186
ep467,-13.994164535871148
ep468,31.628153449845186
ep469,29.00875319619327
ep470,-13.994164535871148
ep471,-13.994164535871148
ep472,-13.994164535871148
ep473,37.02758712254613
ep474,-13.994164535871148
ep475,-13.994164535871148
ep476,-13.994164535871148
ep477,30.311871915346735
ep478,-13.994164535871148
ep479,-13.994164535871148
ep480,35.65731125132067
ep481,-13.994164535871148
ep482,32.957730757419384
ep483,-13.994164535871148
ep484,-13.994164535871148
ep485,32.957730757419384
ep486,-13.994164535871148
ep487,-13.994164535871148
ep488,-13.994164535871148
ep489,-13.994164535871148
ep490,34.30073813880746
ep491,-13.994164535871148
ep492,34.30073813880746
ep493,-13.994164535871148
ep494,-13.994164535871148
ep495,34.30073813880746
ep496,-13.994164535871148
ep497,30.311871915346735
ep498,-13.994164535871148
ep499,29.00875319619327
ep500,31.628153449845186
ep501,-13.994164535871148
ep502,29.00875319619327
ep503,37.02758712254613
ep504,35.65731125132067
ep505,38.41170416418801
ep506,30.311871915346735
ep507,-13.994164535871148
ep508,31.628153449845186
ep509,-13.994164535871148
ep510,31.628153449845186
ep511,-13.994164535871148
ep512,31.628153449845186
ep513,-13.994164535871148
ep514,-13.994164535871148
ep515,29.00875319619327
ep516,30.311871915346735
ep517,30.311871915346735
ep518,29.00875319619327
ep519,-13.994164535871148
ep520,29.00875319619327
ep521,35.65731125132067
ep522,29.00875319619327
ep523,31.628153449845186
ep524,32.957730757419384
ep525,-13.994164535871148
ep526,-13.994164535871148
ep527,-13.994164535871148
ep528,32.957730757419384
ep529,-13.994164535871148
ep530,29.00875319619327
ep531,-13.994164535871148
ep532,-13.994164535871148
ep533,34.30073813880746
ep534,30.311871915346735
ep535,31.628153449845186
ep536,-13.994164535871148
ep537,32.957730757419384
ep538,34.30073813880746
ep539,-13.994164535871148
ep540,31.628153449845186
ep541,34.30073813880746
ep542,29.00875319619327
ep543,-13.994164535871148
ep544,-13.994164535871148
ep545,-13.994164535871148
ep546,32.957730757419384
ep547,32.957730757419384
ep548,-13.994164535871148
ep549,-13.994164535871148
ep550,-13.994164535871148
ep551,-13.994164535871148
ep552,-13.994164535871148
ep553,-13.994164535871148
ep554,-13.994164535871148
ep555,-13.994164535871148
ep556,-13.994164535871148
ep557,30.311871915346735
ep558,-13.994164535871148
ep559,-13.994164535871148
ep560,29.00875319619327
ep561,-13.994164535871148
ep562,30.311871915346735
ep563,-13.994164535871148
ep564,30.311871915346735
ep565,34.30073813880746
ep566,32.957730757419384
ep567,-13.994164535871148
ep568,-13.994164535871148
ep569,-13.994164535871148
ep570,29.00875319619327
ep571,-13.994164535871148
ep572,32.957730757419384
ep573,-13.994164535871148
ep574,30.311871915346735
ep575,-13.994164535871148
ep576,35.65731125132067
ep577,32.957730757419384
ep578,32.957730757419384
ep579,-13.994164535871148
ep580,-13.994164535871148
ep581,38.41170416418801
ep582,34.30073813880746
ep583,41.22202241015
ep584,-13.994164535871148
ep585,-13.994164535871148
ep586,-13.994164535871148
ep587,31.628153449845186
ep588,30.311871915346735
ep589,-13.994164535871148
ep590,-13.994164535871148
ep591,32.957730757419384
ep592,35.65731125132067
ep593,32.957730757419384
ep594,35.65731125132067
ep595,29.00875319619327
ep596,-13.994164535871148
ep597,32.957730757419384
ep598,-13.994164535871148
ep599,30.311871915346735
ep600,30.311871915346735
ep601,35.65731125132067
ep602,41.22202241015
ep603,-13.994164535871148
ep604,-13.994164535871148
ep605,-13.994164535871148
ep606,-13.994164535871148
ep607,-13.994164535871148
ep608,32.957730757419384
ep609,35.65731125132067
ep610,31.628153449845186
ep611,39.80980218604849
ep612,-13.994164535871148
ep613,29.00875319619327
ep614,31.628153449845186
ep615,-13.994164535871148
ep616,-13.994164535871148
ep617,32.957730757419384
ep618,-13.994164535871148
ep619,-13.994164535871148
ep620,31.628153449845186
ep621,34.30073813880746
ep622,29.00875319619327
ep623,29.00875319619327
ep624,32.957730757419384
ep625,-13.994164535871148
ep626,30.311871915346735
ep627,32.957730757419384
ep628,-13.994164535871148
ep629,32.957730757419384
ep630,30.311871915346735
ep631,-13.994164535871148
ep632,38.41170416418801
ep633,29.00875319619327
ep634,38.41170416418801
ep635,-13.994164535871148
ep636,-13.994164535871148
ep637,-13.994164535871148
ep638,30.311871915346735
ep639,-13.994164535871148
ep640,29.00875319619327
ep641,29.00875319619327
ep642,29.00875319619327
ep643,32.957730757419384
ep644,-13.994164535871148
ep645,-13.994164535871148
ep646,31.628153449845186
ep647,30.311871915346735
ep648,-13.994164535871148
ep649,34.30073813880746
ep650,32.957730757419384
ep651,-13.994164535871148
ep652,-13.994164535871148
ep653,30.311871915346735
ep654,30.311871915346735
ep655,-13.994164535871148
ep656,-13.994164535871148
ep657,29.00875319619327
ep658,29.00875319619327
ep659,32.957730757419384
ep660,-13.994164535871148
ep661,34.30073813880746
ep662,30.311871915346735
ep663,30.311871915346735
ep664,34.30073813880746
ep665,34.30073813880746
ep666,-13.994164535871148
ep667,-13.994164535871148
ep668,-13.994164535871148
ep669,31.628153449845186
ep670,-13.994164535871148
ep671,30.311871915346735
ep672,-13.994164535871148
ep673,-13.994164535871148
ep674,-13.994164535871148
ep675,38.41170416418801
ep676,41.22202241015
ep677,29.00875319619327
ep678,35.65731125132067
ep679,-13.994164535871148
ep680,32.957730757419384
ep681,-13.994164535871148
ep682,-13.994164535871148
ep683,-13.994164535871148
ep684,31.628153449845186
ep685,37.02758712254613
ep686,-13.994164535871148
ep687,-13.994164535871148
ep688,29.00875319619327
ep689,-13.994164535871148
ep690,30.311871915346735
ep691,35.65731125132067
ep692,-13.994164535871148
ep693,30.311871915346735
ep694,34.30073813880746
ep695,30.311871915346735
ep696,-13.994164535871148
ep697,29.00875319619327
ep698,34.30073813880746
ep699,-13.994164535871148
ep700,-13.994164535871148
ep701,-13.994164535871148
ep702,34.30073813880746
ep703,35.65731125132067
ep704,29.00875319619327
ep705,34.30073813880746
ep706,-13.994164535871148
ep707,35.65731125132067
ep708,30.311871915346735
ep709,32.957730757419384
ep710,31.628153449845186
ep711,41.22202241015
ep712,32.957730757419384
ep713,-13.994164535871148
ep714,-13.994164535871148
ep715,37.02758712254613
ep716,31.628153449845186
ep717,32.957730757419384
ep718,-13.994164535871148
ep719,-13.994164535871148
ep720,31.628153449845186
ep721,-13.994164535871148
ep722,35.65731125132067
ep723,-13.994164535871148
ep724,34.30073813880746
ep725,-13.994164535871148
ep726,29.00875319619327
ep727,30.311871915346735
ep728,34.30073813880746
ep729,30.311871915346735
ep730,-13.994164535871148
ep731,-13.994164535871148
ep732,32.957730757419384
ep733,-13.994164535871148
ep734,-13.994164535871148
ep735,29.00875319619327
ep736,-13.994164535871148
ep737,32.957730757419384
ep738,-13.994164535871148
ep739,41.22202241015
ep740,34.30073813880746
ep741,-13.994164535871148
ep742,32.957730757419384
ep743,34.30073813880746
ep744,-13.994164535871148
ep745,-13.994164535871148
ep746,34.30073813880746
ep747,31.628153449845186
ep748,31.628153449845186
ep749,-13.994164535871148
ep750,29.00875319619327
ep751,35.65731125132067
ep752,29.00875319619327
ep753,-13.994164535871148
ep754,-13.994164535871148
ep755,38.41170416418801
ep756,29.00875319619327
ep757,32.957730757419384
ep758,34.30073813880746
ep759,35.65731125132067
ep760,-13.994164535871148
ep761,-13.994164535871148
ep762,32.957730757419384
ep763,-13.994164535871148
ep764,30.311871915346735
ep765,32.957730757419384
ep766,-13.994164535871148
ep767,-13.994164535871148
ep768,-13.994164535871148
ep769,-13.994164535871148
ep770,35.65731125132067
ep771,30.311871915346735
ep772,32.957730757419384
ep773,34.30073813880746
ep774,-13.994164535871148
ep775,31.628153449845186
ep776,30.311871915346735
ep777,31.628153449845186
ep778,30.311871915346735
ep779,-13.994164535871148
ep780,-13.994164535871148
ep781,-13.994164535871148
ep782,29.00875319619327
ep783,-13.994164535871148
ep784,-13.994164535871148
ep785,38.41170416418801
ep786,-13.994164535871148
ep787,-13.994164535871148
ep788,30.311871915346735
ep789,38.41170416418801
ep790,-13.994164535871148
ep791,35.65731125132067
ep792,29.00875319619327
ep793,-13.994164535871148
ep794,-13.994164535871148
ep795,-13.994164535871148
ep796,31.628153449845186
ep797,-13.994164535871148
ep798,31.628153449845186
ep799,32.957730757419384
ep800,30.311871915346735
ep801,34.30073813880746
ep802,-13.994164535871148
ep803,-13.994164535871148
ep804,31.628153449845186
ep805,30.311871915346735
ep806,32.957730757419384
ep807,-13.994164535871148
ep808,-13.994164535871148
ep809,29.00875319619327
ep810,29.00875319619327
ep811,-13.994164535871148
ep812,29.00875319619327
ep813,32.957730757419384
ep814,34.30073813880746
ep815,-13.994164535871148
ep816,-13.994164535871148
ep817,-13.994164535871148
ep818,30.311871915346735
ep819,-13.994164535871148
ep820,-13.994164535871148
ep821,31.628153449845186
ep822,-13.994164535871148
ep823,-13.994164535871148
ep824,41.22202241015
ep825,39.80980218604849
ep826,-13.994164535871148
ep827,35.65731125132067
ep828,32.957730757419384
ep829,-13.994164535871148
ep830,30.311871915346735
ep831,-13.994164535871148
ep832,-13.994164535871148
ep833,30.311871915346735
ep834,31.628153449845186
ep835,-13.994164535871148
ep836,-13.994164535871148
ep837,37.02758712254613
ep838,29.00875319619327
ep839,37.02758712254613
ep840,-13.994164535871148
ep841,37.02758712254613
ep842,-13.994164535871148
ep843,-13.994164535871148
ep844,-13.994164535871148
ep845,29.00875319619327
ep846,-13.994164535871148
ep847,-13.994164535871148
ep848,32.957730757419384
ep849,-13.994164535871148
ep850,30.311871915346735
ep851,-13.994164535871148
ep852,34.30073813880746
ep853,30.311871915346735
ep854,-13.994164535871148
ep855,37.02758712254613
ep856,32.957730757419384
ep857,-13.994164535871148
ep858,38.41170416418801
ep859,-13.994164535871148
ep860,-13.994164535871148
ep861,34.30073813880746
ep862,30.311871915346735
ep863,30.311871915346735
ep864,-13.994164535871148
ep865,-13.994164535871148
ep866,30.311871915346735
ep867,30.311871915346735
ep868,31.628153449845186
ep869,31.628153449845186
ep870,-13.994164535871148
ep871,-13.994164535871148
ep872,37.02758712254613
ep873,29.00875319619327
ep874,32.957730757419384
ep875,34.30073813880746
ep876,38.41170416418801
ep877,29.00875319619327
ep878,31.628153449845186
ep879,32.957730757419384
ep880,-13.994164535871148
ep881,-13.994164535871148
ep882,32.957730757419384
ep883,-13.994164535871148
ep884,32.957730757419384
ep885,-13.994164535871148
ep886,-13.994164535871148
ep887,29.00875319619327
ep888,-13.994164535871148
ep889,35.65731125132067
ep890,30.311871915346735
ep891,32.957730757419384
ep892,30.311871915346735
ep893,30.311871915346735
ep894,31.628153449845186
ep895,30.311871915346735
ep896,35.65731125132067
ep897,34.30073813880746
ep898,31.628153449845186
ep899,35.65731125132067
ep900,-13.994164535871148
ep901,-13.994164535871148
ep902,37.02758712254613
ep903,38.41170416418801
ep904,35.65731125132067
ep905,-13.994164535871148
ep906,-13.994164535871148
ep907,31.628153449845186
ep908,-13.994164535871148
ep909,30.311871915346735
ep910,-13.994164535871148
ep911,-13.994164535871148
ep912,34.30073813880746
ep913,29.00875319619327
ep914,30.311871915346735
ep915,35.65731125132067
ep916,30.311871915346735
ep917,-13.994164535871148
ep918,-13.994164535871148
ep919,-13.994164535871148
ep920,-13.994164535871148
ep921,-13.994164535871148
ep922,29.00875319619327
ep923,31.628153449845186
ep924,-13.994164535871148
ep925,32.957730757419384
ep926,34.30073813880746
ep927,38.41170416418801
ep928,-13.994164535871148
ep929,34.30073813880746
ep930,31.628153449845186
ep931,31.628153449845186
ep932,-13.994164535871148
ep933,-13.994164535871148
ep934,35.65731125132067
ep935,32.957730757419384
ep936,35.65731125132067
ep937,32.957730757419384
ep938,-13.994164535871148
ep939,-13.994164535871148
ep940,-13.994164535871148
ep941,-13.994164535871148
ep942,32.957730757419384
ep943,-13.994164535871148
ep944,34.30073813880746
ep945,-13.994164535871148
ep946,35.65731125132067
ep947,34.30073813880746
ep948,35.65731125132067
ep949,-13.994164535871148
ep950,35.65731125132067
ep951,35.65731125132067
ep952,-13.994164535871148
ep953,30.311871915346735
ep954,32.957730757419384
ep955,-13.994164535871148
ep956,30.311871915346735
ep957,34.30073813880746
ep958,-13.994164535871148
ep959,35.65731125132067
ep960,30.311871915346735
ep961,-13.994164535871148
ep962,32.957730757419384
ep963,31.628153449845186
ep964,35.65731125132067
ep965,34.30073813880746
ep966,-13.994164535871148
ep967,-13.994164535871148
ep968,-13.994164535871148
ep969,31.628153449845186
ep970,32.957730757419384
ep971,41.22202241015
ep972,30.311871915346735
ep973,-13.994164535871148
ep974,-13.994164535871148
ep975,35.65731125132067
ep976,-13.994164535871148
ep977,-13.994164535871148
ep978,30.311871915346735
ep979,-13.994164535871148
ep980,30.311871915346735
ep981,-13.994164535871148
ep982,34.30073813880746
ep983,30.311871915346735
ep984,34.30073813880746
ep985,-13.994164535871148
ep986,37.02758712254613
ep987,-13.994164535871148
ep988,37.02758712254613
ep989,-13.994164535871148
ep990,-13.994164535871148
ep991,30.311871915346735
ep992,-13.994164535871148
ep993,41.22202241015
ep994,-13.994164535871148
ep995,-13.994164535871148
ep996,-13.994164535871148
ep997,30.311871915346735
ep998,31.628153449845186
ep999,-13.994164535871148
ep1000,34.30073813880746
ep1001,41.22202241015
ep1002,-13.994164535871148
ep1003,30.311871915346735
ep1004,29.00875319619327
ep1005,35.65731125132067
ep1006,30.311871915346735
ep1007,-13.994164535871148
ep1008,37.02758712254613
ep1009,32.957730757419384
ep1010,38.41170416418801
ep1011,-13.994164535871148
ep1012,29.00875319619327
ep1013,-13.994164535871148
ep1014,34.30073813880746
ep1015,34.30073813880746
ep1016,35.65731125132067
ep1017,-13.994164535871148
ep1018,-13.994164535871148
ep1019,-13.994164535871148
ep1020,-13.994164535871148
ep1021,-13.994164535871148
ep1022,30.311871915346735
ep1023,-13.994164535871148
ep1024,30.311871915346735
ep1025,-13.994164535871148
ep1026,31.628153449845186
ep1027,-13.994164535871148
ep1028,-13.994164535871148
ep1029,-13.994164535871148
ep1030,-13.994164535871148
ep1031,34.30073813880746
ep1032,-13.994164535871148
ep1033,30.311871915346735
ep1034,-13.994164535871148
ep1035,37.02758712254613
ep1036,-13.994164535871148
ep1037,30.311871915346735
ep1038,-13.994164535871148
ep1039,35.65731125132067
ep1040,-13.994164535871148
ep1041,-13.994164535871148
ep1042,34.30073813880746
ep1043,-13.994164535871148
ep1044,-13.994164535871148
ep1045,-13.994164535871148
ep1046,38.41170416418801
ep1047,-13.994164535871148
ep1048,-13.994164535871148
ep1049,-13.994164535871148
ep1050,31.628153449845186
ep1051,30.311871915346735
ep1052,31.628153449845186
ep1053,29.00875319619327
ep1054,-13.994164535871148
ep1055,-13.994164535871148
ep1056,-13.994164535871148
ep1057,30.311871915346735
ep1058,-13.994164535871148
ep1059,29.00875319619327
ep1060,30.311871915346735
ep1061,30.311871915346735
ep1062,-13.994164535871148
ep1063,31.628153449845186
ep1064,30.311871915346735
ep1065,-13.994164535871148
ep1066,-13.994164535871148
ep1067,34.30073813880746
ep1068,38.41170416418801
ep1069,31.628153449845186
ep1070,30.311871915346735
ep1071,-13.994164535871148
ep1072,-13.994164535871148
ep1073,-13.994164535871148
ep1074,-13.994164535871148
ep1075,31.628153449845186
ep1076,-13.994164535871148
ep1077,-13.994164535871148
ep1078,-13.994164535871148
ep1079,-13.994164535871148
ep1080,-13.994164535871148
ep1081,34.30073813880746
ep1082,-13.994164535871148
ep1083,38.41170416418801
ep1084,-13.994164535871148
ep1085,-13.994164535871148
ep1086,29.00875319619327
ep1087,30.311871915346735
ep1088,38.41170416418801
ep1089,-13.994164535871148
ep1090,29.00875319619327
ep1091,-13.994164535871148
ep1092,-13.994164535871148
ep1093,-13.994164535871148
ep1094,38.41170416418801
ep1095,-13.994164535871148
ep1096,32.957730757419384
ep1097,31.628153449845186
ep1098,31.628153449845186
ep1099,29.00875319619327
ep1100,34.30073813880746
ep1101,35.65731125132067
ep1102,-13.994164535871148
ep1103,30.311871915346735
ep1104,-13.994164535871148
ep1105,-13.994164535871148
ep1106,-13.994164535871148
ep1107,29.00875319619327
ep1108,-13.994164535871148
ep1109,-13.994164535871148
ep1110,-13.994164535871148
ep1111,-13.994164535871148
ep1112,30.311871915346735
ep1113,29.00875319619327
ep1114,-13.994164535871148
ep1115,29.00875319619327
ep1116,29.00875319619327
ep1117,-13.994164535871148
ep1118,31.628153449845186
ep1119,31.628153449845186
ep1120,30.311871915346735
ep1121,-13.994164535871148
ep1122,-13.994164535871148
ep1123,32.957730757419384
ep1124,-13.994164535871148
ep1125,-13.994164535871148
ep1126,-13.994164535871148
ep1127,-13.994164535871148
ep1128,37.02758712254613
ep1129,-13.994164535871148
ep1130,-13.994164535871148
ep1131,34.30073813880746
ep1132,-13.994164535871148
ep1133,31.628153449845186
ep1134,-13.994164535871148
ep1135,29.00875319619327
ep1136,-13.994164535871148
ep1137,30.311871915346735
ep1138,-13.994164535871148
ep1139,-13.994164535871148
ep1140,-13.994164535871148
ep1141,-13.994164535871148
ep1142,-13.994164535871148
ep1143,-13.994164535871148
ep1144,-13.994164535871148
ep1145,32.957730757419384
ep1146,-13.994164535871148
ep1147,31.628153449845186
ep1148,-13.994164535871148
ep1149,-13.994164535871148
ep1150,-13.994164535871148
ep1151,-13.994164535871148
ep1152,-13.994164535871148
ep1153,-13.994164535871148
ep1154,-13.994164535871148
ep1155,34.30073813880746
ep1156,-13.994164535871148
ep1157,31.628153449845186
ep1158,-13.994164535871148
ep1159,32.957730757419384
ep1160,-13.994164535871148
ep1161,30.311871915346735
ep1162,-13.994164535871148
ep1163,29.00875319619327
ep1164,37.02758712254613
ep1165,-13.994164535871148
ep1166,41.22202241015
ep1167,-13.994164535871148
ep1168,-13.994164535871148
ep1169,30.311871915346735
ep1170,-13.994164535871148
ep1171,31.628153449845186
ep1172,-13.994164535871148
ep1173,41.22202241015
ep1174,-13.994164535871148
ep1175,-13.994164535871148
ep1176,29.00875319619327
ep1177,-13.994164535871148
ep1178,-13.994164535871148
ep1179,-13.994164535871148
ep1180,32.957730757419384
ep1181,29.00875319619327
ep1182,34.30073813880746
ep1183,32.957730757419384
ep1184,29.00875319619327
ep1185,-13.994164535871148
ep1186,-13.994164535871148
ep1187,-13.994164535871148
ep1188,-13.994164535871148
ep1189,31.628153449845186
ep1190,39.80980218604849
ep1191,-13.994164535871148
ep1192,32.957730757419384
ep1193,30.311871915346735
ep1194,-13.994164535871148
ep1195,-13.994164535871148
ep1196,29.00875319619327
ep1197,-13.994164535871148
ep1198,-13.994164535871148
ep1199,-13.994164535871148
ep1200,32.957730757419384
ep1201,-13.994164535871148
ep1202,29.00875319619327
ep1203,30.311871915346735
ep1204,30.311871915346735
ep1205,-13.994164535871148
ep1206,31.628153449845186
ep1207,-13.994164535871148
ep1208,-13.994164535871148
ep1209,32.957730757419384
ep1210,-13.994164535871148
ep1211,-13.994164535871148
ep1212,-13.994164535871148
ep1213,32.957730757419384
ep1214,-13.994164535871148
ep1215,35.65731125132067
ep1216,-13.994164535871148
ep1217,31.628153449845186
ep1218,29.00875319619327
ep1219,-13.994164535871148
ep1220,34.30073813880746
ep1221,-13.994164535871148
ep1222,-13.994164535871148
ep1223,30.311871915346735
ep1224,29.00875319619327
ep1225,34.30073813880746
ep1226,38.41170416418801
ep1227,30.311871915346735
ep1228,-13.994164535871148
ep1229,30.311871915346735
ep1230,-13.994164535871148
ep1231,-13.994164535871148
ep1232,31.628153449845186
ep1233,30.311871915346735
ep1234,-13.994164535871148
ep1235,34.30073813880746
ep1236,29.00875319619327
ep1237,30.311871915346735
ep1238,35.65731125132067
ep1239,-13.994164535871148
ep1240,-13.994164535871148
ep1241,38.41170416418801
ep1242,29.00875319619327
ep1243,41.22202241015
ep1244,-13.994164535871148
ep1245,32.957730757419384
ep1246,-13.994164535871148
ep1247,37.02758712254613
ep1248,34.30073813880746
ep1249,30.311871915346735
ep1250,-13.994164535871148
ep1251,31.628153449845186
ep1252,30.311871915346735
ep1253,37.02758712254613
ep1254,-13.994164535871148
ep1255,-13.994164535871148
ep1256,-13.994164535871148
ep1257,34.30073813880746
ep1258,-13.994164535871148
ep1259,29.00875319619327
ep1260,-13.994164535871148
ep1261,31.628153449845186
ep1262,35.65731125132067
ep1263,32.957730757419384
ep1264,31.628153449845186
ep1265,-13.994164535871148
ep1266,30.311871915346735
ep1267,-13.994164535871148
ep1268,32.957730757419384
ep1269,31.628153449845186
ep1270,-13.994164535871148
ep1271,-13.994164535871148
ep1272,35.65731125132067
ep1273,-13.994164535871148
ep1274,31.628153449845186
ep1275,32.957730757419384
ep1276,-13.994164535871148
ep1277,34.30073813880746
ep1278,29.00875319619327
ep1279,-13.994164535871148
ep1280,34.30073813880746
ep1281,-13.994164535871148
ep1282,30.311871915346735
ep1283,-13.994164535871148
ep1284,29.00875319619327
ep1285,-13.994164535871148
ep1286,31.628153449845186
ep1287,-13.994164535871148
ep1288,-13.994164535871148
ep1289,29.00875319619327
ep1290,-13.994164535871148
ep1291,29.00875319619327
ep1292,-13.994164535871148
ep1293,-13.994164535871148
ep1294,-13.994164535871148
ep1295,29.00875319619327
ep1296,32.957730757419384
ep1297,-13.994164535871148
ep1298,-13.994164535871148
ep1299,-13.994164535871148
ep1300,-13.994164535871148
ep1301,34.30073813880746
ep1302,-13.994164535871148
ep1303,-13.994164535871148
ep1304,-13.994164535871148
ep1305,29.00875319619327
ep1306,30.311871915346735
ep1307,-13.994164535871148
ep1308,-13.994164535871148
ep1309,-13.994164535871148
ep1310,-13.994164535871148
ep1311,-13.994164535871148
ep1312,34.30073813880746
ep1313,-13.994164535871148
ep1314,35.65731125132067
ep1315,31.628153449845186
ep1316,-13.994164535871148
ep1317,-13.994164535871148
ep1318,-13.994164535871148
ep1319,34.30073813880746
ep1320,-13.994164535871148
ep1321,30.311871915346735
ep1322,-13.994164535871148
ep1323,-13.994164535871148
ep1324,29.00875319619327
ep1325,32.957730757419384
ep1326,-13.994164535871148
ep1327,-13.994164535871148
ep1328,30.311871915346735
ep1329,-13.994164535871148
ep1330,-13.994164535871148
ep1331,-13.994164535871148
ep1332,31.628153449845186
ep1333,38.41170416418801
ep1334,39.80980218604849
ep1335,-13.994164535871148
ep1336,-13.994164535871148
ep1337,-13.994164535871148
ep1338,38.41170416418801
ep1339,29.00875319619327
ep1340,31.628153449845186
ep1341,35.65731125132067
ep1342,31.628153449845186
ep1343,29.00875319619327
ep1344,-13.994164535871148
ep1345,30.311871915346735
ep1346,-13.994164535871148
ep1347,38.41170416418801
ep1348,30.311871915346735
ep1349,31.628153449845186
ep1350,35.65731125132067
ep1351,-13.994164535871148
ep1352,37.02758712254613
ep1353,-13.994164535871148
ep1354,30.311871915346735
ep1355,38.41170416418801
ep1356,-13.994164535871148
ep1357,-13.994164535871148
ep1358,-13.994164535871148
ep1359,-13.994164535871148
ep1360,-13.994164535871148
ep1361,38.41170416418801
ep1362,30.311871915346735
ep1363,29.00875319619327
ep1364,-13.994164535871148
ep1365,-13.994164535871148
ep1366,32.957730757419384
ep1367,31.628153449845186
ep1368,-13.994164535871148
ep1369,-13.994164535871148
ep1370,29.00875319619327
ep1371,32.957730757419384
ep1372,-13.994164535871148
ep1373,-13.994164535871148
ep1374,31.628153449845186
ep1375,29.00875319619327
ep1376,-13.994164535871148
ep1377,-13.994164535871148
ep1378,30.311871915346735
ep1379,-13.994164535871148
ep1380,39.80980218604849
ep1381,29.00875319619327
ep1382,32.957730757419384
ep1383,38.41170416418801
ep1384,-13.994164535871148
ep1385,-13.994164535871148
ep1386,29.00875319619327
ep1387,-13.994164535871148
ep1388,30.311871915346735
ep1389,31.628153449845186
ep1390,35.65731125132067
ep1391,-13.994164535871148
ep1392,-13.994164535871148
ep1393,-13.994164535871148
ep1394,34.30073813880746
ep1395,-13.994164535871148
ep1396,-13.994164535871148
ep1397,-13.994164535871148
ep1398,-13.994164535871148
ep1399,30.311871915346735
ep1400,-13.994164535871148
ep1401,29.00875319619327
ep1402,-13.994164535871148
ep1403,-13.994164535871148
ep1404,34.30073813880746
ep1405,-13.994164535871148
ep1406,-13.994164535871148
ep1407,-13.994164535871148
ep1408,34.30073813880746
ep1409,-13.994164535871148
ep1410,29.00875319619327
ep1411,32.957730757419384
ep1412,-13.994164535871148
ep1413,30.311871915346735
ep1414,-13.994164535871148
ep1415,34.30073813880746
ep1416,-13.994164535871148
ep1417,34.30073813880746
ep1418,32.957730757419384
ep1419,-13.994164535871148
ep1420,-13.994164535871148
ep1421,41.22202241015
ep1422,30.311871915346735
ep1423,29.00875319619327
ep1424,-13.994164535871148
ep1425,-13.994164535871148
ep1426,30.311871915346735
ep1427,-13.994164535871148
ep1428,37.02758712254613
ep1429,-13.994164535871148
ep1430,31.628153449845186
ep1431,29.00875319619327
ep1432,31.628153449845186
ep1433,35.65731125132067
ep1434,-13.994164535871148
ep1435,-13.994164535871148
ep1436,31.628153449845186
ep1437,32.957730757419384
ep1438,30.311871915346735
ep1439,-13.994164535871148
ep1440,30.311871915346735
ep1441,-13.994164535871148
ep1442,34.30073813880746
ep1443,-13.994164535871148
ep1444,41.22202241015
ep1445,30.311871915346735
ep1446,29.00875319619327
ep1447,-13.994164535871148
ep1448,30.311871915346735
ep1449,-13.994164535871148
ep1450,29.00875319619327
ep1451,-13.994164535871148
ep1452,29.00875319619327
ep1453,29.00875319619327
ep1454,30.311871915346735
ep1455,-13.994164535871148
ep1456,-13.994164535871148
ep1457,-13.994164535871148
ep1458,-13.994164535871148
ep1459,30.311871915346735
ep1460,32.957730757419384
ep1461,-13.994164535871148
ep1462,-13.994164535871148
ep1463,34.30073813880746
ep1464,-13.994164535871148
ep1465,31.628153449845186
ep1466,34.30073813880746
ep1467,-13.994164535871148
ep1468,-13.994164535871148
ep1469,30.311871915346735
ep1470,32.957730757419384
ep1471,35.65731125132067
ep1472,37.02758712254613
ep1473,-13.994164535871148
ep1474,30.311871915346735
ep1475,32.957730757419384
ep1476,-13.994164535871148
ep1477,-13.994164535871148
ep1478,-13.994164535871148
ep1479,-13.994164535871148
ep1480,30.311871915346735
ep1481,30.311871915346735
ep1482,-13.994164535871148
ep1483,34.30073813880746
ep1484,37.02758712254613
ep1485,-13.994164535871148
ep1486,-13.994164535871148
ep1487,29.00875319619327
ep1488,-13.994164535871148
ep1489,-13.994164535871148
ep1490,31.628153449845186
ep1491,29.00875319619327
ep1492,-13.994164535871148
ep1493,29.00875319619327
ep1494,38.41170416418801
ep1495,38.41170416418801
ep1496,29.00875319619327
ep1497,31.628153449845186
ep1498,30.311871915346735
ep1499,-13.994164535871148
ep1500,30.311871915346735
ep1501,38.41170416418801
ep1502,31.628153449845186
ep1503,-13.994164535871148
ep1504,-13.994164535871148
ep1505,34.30073813880746
ep1506,-13.994164535871148
ep1507,-13.994164535871148
ep1508,-13.994164535871148
ep1509,-13.994164535871148
ep1510,-13.994164535871148
ep1511,31.628153449845186
ep1512,32.957730757419384
ep1513,34.30073813880746
ep1514,35.65731125132067
ep1515,-13.994164535871148
ep1516,31.628153449845186
ep1517,32.957730757419384
ep1518,34.30073813880746
ep1519,32.957730757419384
ep1520,30.311871915346735
ep1521,-13.994164535871148
ep1522,38.41170416418801
ep1523,29.00875319619327
ep1524,29.00875319619327
ep1525,29.00875319619327
ep1526,35.65731125132067
ep1527,32.957730757419384
ep1528,-13.994164535871148
ep1529,-13.994164535871148
ep1530,31.628153449845186
ep1531,-13.994164535871148
ep1532,30.311871915346735
ep1533,32.957730757419384
ep1534,41.22202241015
ep1535,-13.994164535871148
ep1536,-13.994164535871148
ep1537,-13.994164535871148
ep1538,-13.994164535871148
ep1539,31.628153449845186
ep1540,-13.994164535871148
ep1541,31.628153449845186
ep1542,-13.994164535871148
ep1543,-13.994164535871148
ep1544,29.00875319619327
ep1545,-13.994164535871148
ep1546,41.22202241015
ep1547,34.30073813880746
ep1548,30.311871915346735
ep1549,34.30073813880746
ep1550,35.65731125132067
ep1551,-13.994164535871148
ep1552,-13.994164535871148
ep1553,29.00875319619327
ep1554,-13.994164535871148
ep1555,-13.994164535871148
ep1556,-13.994164535871148
ep1557,35.65731125132067
ep1558,-13.994164535871148
ep1559,35.65731125132067
ep1560,29.00875319619327
ep1561,-13.994164535871148
ep1562,-13.994164535871148
ep1563,35.65731125132067
ep1564,31.628153449845186
ep1565,-13.994164535871148
ep1566,-13.994164535871148
ep1567,-13.994164535871148
ep1568,-13.994164535871148
ep1569,-13.994164535871148
ep1570,30.311871915346735
ep1571,37.02758712254613
ep1572,-13.994164535871148
ep1573,29.00875319619327
ep1574,37.02758712254613
ep1575,-13.994164535871148
ep1576,31.628153449845186
ep1577,-13.994164535871148
ep1578,29.00875319619327
ep1579,-13.994164535871148
ep1580,-13.994164535871148
ep1581,-13.994164535871148
ep1582,-13.994164535871148
ep1583,32.957730757419384
ep1584,31.628153449845186
ep1585,29.00875319619327
ep1586,32.957730757419384
ep1587,-13.994164535871148
ep1588,-13.994164535871148
ep1589,35.65731125132067
ep1590,-13.994164535871148
ep1591,-13.994164535871148
ep1592,31.628153449845186
ep1593,32.957730757419384
ep1594,38.41170416418801
ep1595,-13.994164535871148
ep1596,31.628153449845186
ep1597,-13.994164535871148
ep1598,-13.994164535871148
ep1599,-13.994164535871148
ep1600,34.30073813880746
ep1601,38.41170416418801
ep1602,31.628153449845186
ep1603,-13.994164535871148
ep1604,-13.994164535871148
ep1605,-13.994164535871148
ep1606,-13.994164535871148
ep1607,32.957730757419384
ep1608,-13.994164535871148
ep1609,32.957730757419384
ep1610,-13.994164535871148
ep1611,31.628153449845186
ep1612,-13.994164535871148
ep1613,-13.994164535871148
ep1614,39.80980218604849
ep1615,31.628153449845186
ep1616,29.00875319619327
ep1617,-13.994164535871148
ep1618,34.30073813880746
ep1619,29.00875319619327
ep1620,-13.994164535871148
ep1621,-13.994164535871148
ep1622,29.00875319619327
ep1623,29.00875319619327
ep1624,-13.994164535871148
ep1625,30.311871915346735
ep1626,-13.994164535871148
ep1627,-13.994164535871148
ep1628,-13.994164535871148
ep1629,35.65731125132067
ep1630,38.41170416418801
ep1631,32.957730757419384
ep1632,-13.994164535871148
ep1633,29.00875319619327
ep1634,-13.994164535871148
ep1635,-13.994164535871148
ep1636,34.30073813880746
ep1637,-13.994164535871148
ep1638,41.22202241015
ep1639,31.628153449845186
ep1640,-13.994164535871148
ep1641,-13.994164535871148
ep1642,30.311871915346735
ep1643,30.311871915346735
ep1644,30.311871915346735
ep1645,32.957730757419384
ep1646,30.311871915346735
ep1647,29.00875319619327
ep1648,35.65731125132067
ep1649,-13.994164535871148
ep1650,-13.994164535871148
ep1651,-13.994164535871148
ep1652,32.957730757419384
ep1653,35.65731125132067
ep1654,30.311871915346735
ep1655,-13.994164535871148
ep1656,-13.994164535871148
ep1657,41.22202241015
ep1658,30.311871915346735
ep1659,-13.994164535871148
ep1660,32.957730757419384
ep1661,34.30073813880746
ep1662,31.628153449845186
ep1663,30.311871915346735
ep1664,-13.994164535871148
ep1665,-13.994164535871148
ep1666,-13.994164535871148
ep1667,-13.994164535871148
ep1668,-13.994164535871148
ep1669,34.30073813880746
ep1670,-13.994164535871148
ep1671,-13.994164535871148
ep1672,31.628153449845186
ep1673,35.65731125132067
ep1674,30.311871915346735
ep1675,30.311871915346735
ep1676,-13.994164535871148
ep1677,32.957730757419384
ep1678,30.311871915346735
ep1679,30.311871915346735
ep1680,-13.994164535871148
ep1681,32.957730757419384
ep1682,41.22202241015
ep1683,35.65731125132067
ep1684,-13.994164535871148
ep1685,30.311871915346735
ep1686,-13.994164535871148
ep1687,32.957730757419384
ep1688,-13.994164535871148
ep1689,34.30073813880746
ep1690,31.628153449845186
ep1691,34.30073813880746
ep1692,-13.994164535871148
ep1693,32.957730757419384
ep1694,34.30073813880746
ep1695,-13.994164535871148
ep1696,-13.994164535871148
ep1697,-13.994164535871148
ep1698,29.00875319619327
ep1699,-13.994164535871148
ep1700,-13.994164535871148
ep1701,-13.994164535871148
ep1702,29.00875319619327
ep1703,-13.994164535871148
ep1704,31.628153449845186
ep1705,-13.994164535871148
ep1706,-13.994164535871148
ep1707,-13.994164535871148
ep1708,-13.994164535871148
ep1709,32.957730757419384
ep1710,-13.994164535871148
ep1711,30.311871915346735
ep1712,30.311871915346735
ep1713,-13.994164535871148
ep1714,-13.994164535871148
ep1715,30.311871915346735
ep1716,-13.994164535871148
ep1717,34.30073813880746
ep1718,41.22202241015
ep1719,-13.994164535871148
ep1720,30.311871915346735
ep1721,-13.994164535871148
ep1722,-13.994164535871148
ep1723,-13.994164535871148
ep1724,-13.994164535871148
ep1725,-13.994164535871148
ep1726,30.311871915346735
ep1727,-13.994164535871148
ep1728,35.65731125132067
ep1729,31.628153449845186
ep1730,32.957730757419384
ep1731,31.628153449845186
ep1732,-13.994164535871148
ep1733,29.00875319619327
ep1734,30.311871915346735
ep1735,31.628153449845186
ep1736,34.30073813880746
ep1737,-13.994164535871148
ep1738,-13.994164535871148
ep1739,31.628153449845186
ep1740,32.957730757419384
ep1741,38.41170416418801
ep1742,32.957730757419384
ep1743,-13.994164535871148
ep1744,-13.994164535871148
ep1745,-13.994164535871148
ep1746,-13.994164535871148
ep1747,-13.994164535871148
ep1748,-13.994164535871148
ep1749,30.311871915346735
ep1750,-13.994164535871148
ep1751,-13.994164535871148
ep1752,30.311871915346735
ep1753,-13.994164535871148
ep1754,41.22202241015
ep1755,-13.994164535871148
ep1756,-13.994164535871148
ep1757,37.02758712254613
ep1758,-13.994164535871148
ep1759,35.65731125132067
ep1760,32.957730757419384
ep1761,-13.994164535871148
ep1762,-13.994164535871148
ep1763,-13.994164535871148
ep1764,31.628153449845186
ep1765,29.00875319619327
ep1766,-13.994164535871148
ep1767,-13.994164535871148
ep1768,-13.994164535871148
ep1769,30.311871915346735
ep1770,-13.994164535871148
ep1771,-13.994164535871148
ep1772,31.628153449845186
ep1773,-13.994164535871148
ep1774,-13.994164535871148
ep1775,-13.994164535871148
ep1776,32.957730757419384
ep1777,-13.994164535871148
ep1778,29.00875319619327
ep1779,-13.994164535871148
ep1780,-13.994164535871148
ep1781,-13.994164535871148
ep1782,-13.994164535871148
ep1783,38.41170416418801
ep1784,-13.994164535871148
ep1785,-13.994164535871148
ep1786,-13.994164535871148
ep1787,-13.994164535871148
ep1788,34.30073813880746
ep1789,-13.994164535871148
ep1790,-13.994164535871148
ep1791,-13.994164535871148
ep1792,30.311871915346735
ep1793,32.957730757419384
ep1794,-13.994164535871148
ep1795,-13.994164535871148
ep1796,37.02758712254613
ep1797,-13.994164535871148
ep1798,-13.994164535871148
ep1799,30.311871915346735
ep1800,30.311871915346735
ep1801,29.00875319619327
ep1802,-13.994164535871148
ep1803,30.311871915346735
ep1804,-13.994164535871148
ep1805,-13.994164535871148
ep1806,-13.994164535871148
ep1807,31.628153449845186
ep1808,34.30073813880746
ep1809,30.311871915346735
ep1810,-13.994164535871148
ep1811,-13.994164535871148
ep1812,-13.994164535871148
ep1813,-13.994164535871148
ep1814,29.00875319619327
ep1815,-13.994164535871148
ep1816,-13.994164535871148
ep1817,41.22202241015
ep1818,-13.994164535871148
ep1819,30.311871915346735
ep1820,-13.994164535871148
ep1821,-13.994164535871148
ep1822,34.30073813880746
ep1823,35.65731125132067
ep1824,30.311871915346735
ep1825,-13.994164535871148
ep1826,35.65731125132067
ep1827,-13.994164535871148
ep1828,32.957730757419384
ep1829,-13.994164535871148
ep1830,-13.994164535871148
ep1831,37.02758712254613
ep1832,-13.994164535871148
ep1833,37.02758712254613
ep1834,-13.994164535871148
ep1835,-13.994164535871148
ep1836,-13.994164535871148
ep1837,-13.994164535871148
ep1838,-13.994164535871148
ep1839,31.628153449845186
ep1840,32.957730757419384
ep1841,30.311871915346735
ep1842,-13.994164535871148
ep1843,31.628153449845186
ep1844,-13.994164535871148
ep1845,-13.994164535871148
ep1846,-13.994164535871148
ep1847,-13.994164535871148
ep1848,-13.994164535871148
ep1849,-13.994164535871148
ep1850,41.22202241015
ep1851,29.00875319619327
ep1852,32.957730757419384
ep1853,32.957730757419384
ep1854,31.628153449845186
ep1855,37.02758712254613
ep1856,38.41170416418801
ep1857,-13.994164535871148
ep1858,41.22202241015
ep1859,-13.994164535871148
ep1860,-13.994164535871148
ep1861,30.311871915346735
ep1862,-13.994164535871148
ep1863,35.65731125132067
ep1864,-13.994164535871148
ep1865,37.02758712254613
ep1866,-13.994164535871148
ep1867,34.30073813880746
ep1868,31.628153449845186
ep1869,-13.994164535871148
ep1870,30.311871915346735
ep1871,-13.994164535871148
ep1872,-13.994164535871148
ep1873,-13.994164535871148
ep1874,34.30073813880746
ep1875,-13.994164535871148
ep1876,35.65731125132067
ep1877,-13.994164535871148
ep1878,-13.994164535871148
ep1879,-13.994164535871148
ep1880,-13.994164535871148
ep1881,-13.994164535871148
ep1882,-13.994164535871148
ep1883,-13.994164535871148
ep1884,29.00875319619327
ep1885,-13.994164535871148
ep1886,41.22202241015
ep1887,-13.994164535871148
ep1888,35.65731125132067
ep1889,-13.994164535871148
ep1890,-13.994164535871148
ep1891,35.65731125132067
ep1892,-13.994164535871148
ep1893,-13.994164535871148
ep1894,34.30073813880746
ep1895,29.00875319619327
ep1896,32.957730757419384
ep1897,-13.994164535871148
ep1898,-13.994164535871148
ep1899,37.02758712254613
ep1900,31.628153449845186
ep1901,-13.994164535871148
ep1902,-13.994164535871148
ep1903,32.957730757419384
ep1904,-13.994164535871148
ep1905,-13.994164535871148
ep1906,-13.994164535871148
ep1907,-13.994164535871148
ep1908,29.00875319619327
ep1909,-13.994164535871148
ep1910,37.02758712254613
ep1911,-13.994164535871148
ep1912,30.311871915346735
ep1913,-13.994164535871148
ep1914,31.628153449845186
ep1915,-13.994164535871148
ep1916,41.22202241015
ep1917,31.628153449845186
ep1918,30.311871915346735
ep1919,34.30073813880746
ep1920,38.41170416418801
ep1921,-13.994164535871148
ep1922,38.41170416418801
ep1923,30.311871915346735
ep1924,37.02758712254613
ep1925,-13.994164535871148
ep1926,-13.994164535871148
ep1927,-13.994164535871148
ep1928,39.80980218604849
ep1929,29.00875319619327
ep1930,30.311871915346735
ep1931,-13.994164535871148
ep1932,-13.994164535871148
ep1933,-13.994164535871148
ep1934,31.628153449845186
ep1935,-13.994164535871148
ep1936,-13.994164535871148
ep1937,29.00875319619327
ep1938,-13.994164535871148
ep1939,38.41170416418801
ep1940,-13.994164535871148
ep1941,-13.994164535871148
ep1942,41.22202241015
ep1943,-13.994164535871148
ep1944,32.957730757419384
ep1945,-13.994164535871148
ep1946,35.65731125132067
ep1947,-13.994164535871148
ep1948,34.30073813880746
ep1949,30.311871915346735
ep1950,-13.994164535871148
ep1951,-13.994164535871148
ep1952,-13.994164535871148
ep1953,38.41170416418801
ep1954,31.628153449845186
ep1955,-13.994164535871148
ep1956,31.628153449845186
ep1957,31.628153449845186
ep1958,32.957730757419384
ep1959,-13.994164535871148
ep1960,31.628153449845186
ep1961,-13.994164535871148
ep1962,-13.994164535871148
ep1963,37.02758712254613
ep1964,30.311871915346735
ep1965,41.22202241015
ep1966,-13.994164535871148
ep1967,-13.994164535871148
ep1968,-13.994164535871148
ep1969,29.00875319619327
ep1970,32.957730757419384
ep1971,32.957730757419384
ep1972,30.311871915346735
ep1973,-13.994164535871148
ep1974,30.311871915346735
ep1975,-13.994164535871148
ep1976,-13.994164535871148
ep1977,-13.994164535871148
ep1978,-13.994164535871148
ep1979,30.311871915346735
ep1980,-13.994164535871148
ep1981,-13.994164535871148
ep1982,-13.994164535871148
ep1983,30.311871915346735
ep1984,32.957730757419384
ep1985,-13.994164535871148
ep1986,38.41170416418801
ep1987,32.957730757419384
ep1988,31.628153449845186
ep1989,29.00875319619327
ep1990,34.30073813880746
ep1991,30.311871915346735
ep1992,-13.994164535871148
ep1993,-13.994164535871148
ep1994,-13.994164535871148
ep1995,-13.994164535871148
ep1996,-13.994164535871148
ep1997,-13.994164535871148
ep1998,-13.994164535871148
ep1999,30.311871915346735
ep2000,-13.994164535871148
ep2001,-13.994164535871148
ep2002,41.22202241015
ep2003,-13.994164535871148
ep2004,-13.994164535871148
ep2005,31.628153449845186
ep2006,34.30073813880746
ep2007,31.628153449845186
ep2008,29.00875319619327
ep2009,34.30073813880746
ep2010,-13.994164535871148
ep2011,-13.994164535871148
ep2012,41.22202241015
ep2013,35.65731125132067
ep2014,-13.994164535871148
ep2015,30.311871915346735
ep2016,-13.994164535871148
ep2017,-13.994164535871148
ep2018,-13.994164535871148
ep2019,-13.994164535871148
ep2020,-13.994164535871148
ep2021,-13.994164535871148
ep2022,35.65731125132067
ep2023,32.957730757419384
ep2024,-13.994164535871148
ep2025,-13.994164535871148
ep2026,-13.994164535871148
ep2027,-13.994164535871148
ep2028,35.65731125132067
ep2029,31.628153449845186
ep2030,31.628153449845186
ep2031,30.311871915346735
ep2032,-13.994164535871148
ep2033,-13.994164535871148
ep2034,-13.994164535871148
ep2035,32.957730757419384
ep2036,-13.994164535871148
ep2037,29.00875319619327
ep2038,34.30073813880746
ep2039,-13.994164535871148
ep2040,-13.994164535871148
ep2041,-13.994164535871148
ep2042,-13.994164535871148
ep2043,30.311871915346735
ep2044,37.02758712254613
ep2045,-13.994164535871148
ep2046,-13.994164535871148
ep2047,32.957730757419384
ep2048,32.957730757419384
ep2049,38.41170416418801
ep2050,35.65731125132067
ep2051,31.628153449845186
ep2052,31.628153449845186
ep2053,30.311871915346735
ep2054,35.65731125132067
ep2055,-13.994164535871148
ep2056,-13.994164535871148
ep2057,-13.994164535871148
ep2058,-13.994164535871148
ep2059,-13.994164535871148
ep2060,32.957730757419384
ep2061,30.311871915346735
ep2062,-13.994164535871148
ep2063,-13.994164535871148
ep2064,29.00875319619327
ep2065,30.311871915346735
ep2066,-13.994164535871148
ep2067,-13.994164535871148
ep2068,32.957730757419384
ep2069,31.628153449845186
ep2070,-13.994164535871148
ep2071,-13.994164535871148
ep2072,-13.994164535871148
ep2073,-13.994164535871148
ep2074,-13.994164535871148
ep2075,-13.994164535871148
ep2076,30.311871915346735
ep2077,30.311871915346735
ep2078,-13.994164535871148
ep2079,-13.994164535871148
ep2080,-13.994164535871148
ep2081,-13.994164535871148
ep2082,29.00875319619327
ep2083,30.311871915346735
ep2084,29.00875319619327
ep2085,-13.994164535871148
ep2086,-13.994164535871148
ep2087,-13.994164535871148
ep2088,30.311871915346735
ep2089,34.30073813880746
ep2090,-13.994164535871148
ep2091,-13.994164535871148
ep2092,-13.994164535871148
ep2093,-13.994164535871148
ep2094,30.311871915346735
ep2095,32.957730757419384
ep2096,-13.994164535871148
ep2097,-13.994164535871148
ep2098,-13.994164535871148
ep2099,31.628153449845186
ep2100,-13.994164535871148
ep2101,34.30073813880746
ep2102,30.311871915346735
ep2103,-13.994164535871148
ep2104,-13.994164535871148
ep2105,30.311871915346735
ep2106,34.30073813880746
ep2107,30.311871915346735
ep2108,32.957730757419384
ep2109,32.957730757419384
ep2110,30.311871915346735
ep2111,-13.994164535871148
ep2112,-13.994164535871148
ep2113,-13.994164535871148
ep2114,34.30073813880746
ep2115,-13.994164535871148
ep2116,-13.994164535871148
ep2117,-13.994164535871148
ep2118,30.311871915346735
ep2119,-13.994164535871148
ep2120,30.311871915346735
ep2121,-13.994164535871148
ep2122,-13.994164535871148
ep2123,30.311871915346735
ep2124,32.957730757419384
ep2125,32.957730757419384
ep2126,29.00875319619327
ep2127,-13.994164535871148
ep2128,-13.994164535871148
ep2129,35.65731125132067
ep2130,30.311871915346735
ep2131,-13.994164535871148
ep2132,32.957730757419384
ep2133,35.65731125132067
ep2134,-13.994164535871148
ep2135,-13.994164535871148
ep2136,32.957730757419384
ep2137,29.00875319619327
ep2138,-13.994164535871148
ep2139,-13.994164535871148
ep2140,30.311871915346735
ep2141,35.65731125132067
ep2142,32.957730757419384
ep2143,-13.994164535871148
ep2144,34.30073813880746
ep2145,31.628153449845186
ep2146,31.628153449845186
ep2147,41.22202241015
ep2148,-13.994164535871148
ep2149,31.628153449845186
ep2150,-13.994164535871148
ep2151,-13.994164535871148
ep2152,34.30073813880746
ep2153,-13.994164535871148
ep2154,-13.994164535871148
ep2155,-13.994164535871148
ep2156,-13.994164535871148
ep2157,34.30073813880746
ep2158,35.65731125132067
ep2159,32.957730757419384
ep2160,30.311871915346735
ep2161,-13.994164535871148
ep2162,-13.994164535871148
ep2163,-13.994164535871148
ep2164,35.65731125132067
ep2165,31.628153449845186
ep2166,34.30073813880746
ep2167,-13.994164535871148
ep2168,29.00875319619327
ep2169,30.311871915346735
ep2170,35.65731125132067
ep2171,35.65731125132067
ep2172,-13.994164535871148
ep2173,31.628153449845186
ep2174,-13.994164535871148
ep2175,-13.994164535871148
ep2176,-13.994164535871148
ep2177,-13.994164535871148
ep2178,30.311871915346735
ep2179,29.00875319619327
ep2180,-13.994164535871148
ep2181,32.957730757419384
ep2182,-13.994164535871148
ep2183,37.02758712254613
ep2184,30.311871915346735
ep2185,35.65731125132067
ep2186,29.00875319619327
ep2187,30.311871915346735
ep2188,30.311871915346735
ep2189,32.957730757419384
ep2190,32.957730757419384
ep2191,-13.994164535871148
ep2192,34.30073813880746
ep2193,-13.994164535871148
ep2194,-13.994164535871148
ep2195,32.957730757419384
ep2196,-13.994164535871148
ep2197,32.957730757419384
ep2198,-13.994164535871148
ep2199,-13.994164535871148
ep2200,-13.994164535871148
ep2201,31.628153449845186
ep2202,31.628153449845186
ep2203,34.30073813880746
ep2204,-13.994164535871148
ep2205,30.311871915346735
ep2206,41.22202241015
ep2207,-13.994164535871148
ep2208,-13.994164535871148
ep2209,30.311871915346735
ep2210,-13.994164535871148
ep2211,-13.994164535871148
ep2212,-13.994164535871148
ep2213,31.628153449845186
ep2214,-13.994164535871148
ep2215,-13.994164535871148
ep2216,-13.994164535871148
ep2217,30.311871915346735
ep2218,35.65731125132067
ep2219,-13.994164535871148
ep2220,31.628153449845186
ep2221,37.02758712254613
ep2222,32.957730757419384
ep2223,29.00875319619327
ep2224,-13.994164535871148
ep2225,-13.994164535871148
ep2226,-13.994164535871148
ep2227,-13.994164535871148
ep2228,-13.994164535871148
ep2229,34.30073813880746
ep2230,30.311871915346735
ep2231,32.957730757419384
ep2232,32.957730757419384
ep2233,-13.994164535871148
ep2234,35.65731125132067
ep2235,-13.994164535871148
ep2236,-13.994164535871148
ep2237,31.628153449845186
ep2238,-13.994164535871148
ep2239,32.957730757419384
ep2240,38.41170416418801
ep2241,31.628153449845186
ep2242,-13.994164535871148
ep2243,31.628153449845186
ep2244,-13.994164535871148
ep2245,31.628153449845186
ep2246,-13.994164535871148
ep2247,30.311871915346735
ep2248,30.311871915346735
ep2249,-13.994164535871148
ep2250,-13.994164535871148
ep2251,-13.994164535871148
ep2252,-13.994164535871148
ep2253,-13.994164535871148
ep2254,-13.994164535871148
ep2255,32.957730757419384
ep2256,29.00875319619327
ep2257,30.311871915346735
ep2258,-13.994164535871148
ep2259,-13.994164535871148
ep2260,-13.994164535871148
ep2261,-13.994164535871148
ep2262,32.957730757419384
ep2263,41.22202241015
ep2264,31.628153449845186
ep2265,35.65731125132067
ep2266,-13.994164535871148
ep2267,34.30073813880746
ep2268,35.65731125132067
ep2269,-13.994164535871148
ep2270,34.30073813880746
ep2271,34.30073813880746
ep2272,31.628153449845186
ep2273,29.00875319619327
ep2274,30.311871915346735
ep2275,35.65731125132067
ep2276,31.628153449845186
ep2277,35.65731125132067
ep2278,31.628153449845186
ep2279,29.00875319619327
ep2280,30.311871915346735
ep2281,30.311871915346735
ep2282,31.628153449845186
ep2283,30.311871915346735
ep2284,-13.994164535871148
ep2285,29.00875319619327
ep2286,-13.994164535871148
ep2287,-13.994164535871148
ep2288,32.957730757419384
ep2289,-13.994164535871148
ep2290,30.311871915346735
ep2291,30.311871915346735
ep2292,-13.994164535871148
ep2293,-13.994164535871148
ep2294,31.628153449845186
ep2295,29.00875319619327
ep2296,-13.994164535871148
ep2297,34.30073813880746
ep2298,30.311871915346735
ep2299,38.41170416418801
ep2300,32.957730757419384
ep2301,-13.994164535871148
ep2302,-13.994164535871148
ep2303,-13.994164535871148
ep2304,-13.994164535871148
ep2305,-13.994164535871148
ep2306,38.41170416418801
ep2307,-13.994164535871148
ep2308,30.311871915346735
ep2309,-13.994164535871148
ep2310,32.957730757419384
ep2311,-13.994164535871148
ep2312,38.41170416418801
ep2313,-13.994164535871148
ep2314,-13.994164535871148
ep2315,31.628153449845186
ep2316,-13.994164535871148
ep2317,-13.994164535871148
ep2318,-13.994164535871148
ep2319,29.00875319619327
ep2320,-13.994164535871148
ep2321,32.957730757419384
ep2322,29.00875319619327
ep2323,-13.994164535871148
ep2324,-13.994164535871148
ep2325,-13.994164535871148
ep2326,-13.994164535871148
ep2327,-13.994164535871148
ep2328,32.957730757419384
ep2329,31.628153449845186
ep2330,-13.994164535871148
ep2331,35.65731125132067
ep2332,-13.994164535871148
ep2333,30.311871915346735
ep2334,34.30073813880746
ep2335,38.41170416418801
ep2336,30.311871915346735
ep2337,-13.994164535871148
ep2338,-13.994164535871148
ep2339,31.628153449845186
ep2340,-13.994164535871148
ep2341,-13.994164535871148
ep2342,30.311871915346735
ep2343,38.41170416418801
ep2344,29.00875319619327
ep2345,31.628153449845186
ep2346,30.311871915346735
ep2347,-13.994164535871148
ep2348,29.00875319619327
ep2349,30.311871915346735
ep2350,-13.994164535871148
ep2351,-13.994164535871148
ep2352,30.311871915346735
ep2353,-13.994164535871148
ep2354,-13.994164535871148
ep2355,-13.994164535871148
ep2356,-13.994164535871148
ep2357,-13.994164535871148
ep2358,35.65731125132067
ep2359,41.22202241015
ep2360,41.22202241015
ep2361,-13.994164535871148
ep2362,31.628153449845186
ep2363,35.65731125132067
ep2364,35.65731125132067
ep2365,-13.994164535871148
ep2366,35.65731125132067
ep2367,29.00875319619327
ep2368,-13.994164535871148
ep2369,35.65731125132067
ep2370,29.00875319619327
ep2371,-13.994164535871148
ep2372,29.00875319619327
ep2373,32.957730757419384
ep2374,32.957730757419384
ep2375,37.02758712254613
ep2376,29.00875319619327
ep2377,-13.994164535871148
ep2378,-13.994164535871148
ep2379,-13.994164535871148
ep2380,29.00875319619327
ep2381,-13.994164535871148
ep2382,-13.994164535871148
ep2383,-13.994164535871148
ep2384,31.628153449845186
ep2385,-13.994164535871148
ep2386,-13.994164535871148
ep2387,-13.994164535871148
ep2388,-13.994164535871148
ep2389,-13.994164535871148
ep2390,-13.994164535871148
ep2391,-13.994164535871148
ep2392,30.311871915346735
ep2393,-13.994164535871148
ep2394,-13.994164535871148
ep2395,32.957730757419384
ep2396,-13.994164535871148
ep2397,-13.994164535871148
ep2398,30.311871915346735
ep2399,29.00875319619327
ep2400,32.957730757419384
ep2401,29.00875319619327
ep2402,32.957730757419384
ep2403,-13.994164535871148
ep2404,29.00875319619327
ep2405,-13.994164535871148
ep2406,32.957730757419384
ep2407,34.30073813880746
ep2408,-13.994164535871148
ep2409,-13.994164535871148
ep2410,31.628153449845186
ep2411,35.65731125132067
ep2412,37.02758712254613
ep2413,29.00875319619327
ep2414,35.65731125132067
ep2415,29.00875319619327
ep2416,-13.994164535871148
ep2417,31.628153449845186
ep2418,-13.994164535871148
ep2419,34.30073813880746
ep2420,-13.994164535871148
ep2421,29.00875319619327
ep2422,-13.994164535871148
ep2423,35.65731125132067
ep2424,29.00875319619327
ep2425,-13.994164535871148
ep2426,-13.994164535871148
ep2427,30.311871915346735
ep2428,29.00875319619327
ep2429,34.30073813880746
ep2430,35.65731125132067
ep2431,-13.994164535871148
ep2432,-13.994164535871148
ep2433,31.628153449845186
ep2434,-13.994164535871148
ep2435,32.957730757419384
ep2436,-13.994164535871148
ep2437,41.22202241015
ep2438,35.65731125132067
ep2439,29.00875319619327
ep2440,32.957730757419384
ep2441,-13.994164535871148
ep2442,-13.994164535871148
ep2443,-13.994164535871148
ep2444,29.00875319619327
ep2445,-13.994164535871148
ep2446,34.30073813880746
ep2447,30.311871915346735
ep2448,37.02758712254613
ep2449,31.628153449845186
ep2450,31.628153449845186
ep2451,32.957730757419384
ep2452,32.957730757419384
ep2453,-13.994164535871148
ep2454,31.628153449845186
ep2455,-13.994164535871148
ep2456,-13.994164535871148
ep2457,-13.994164535871148
ep2458,29.00875319619327
ep2459,-13.994164535871148
ep2460,-13.994164535871148
ep2461,-13.994164535871148
ep2462,32.957730757419384
ep2463,-13.994164535871148
ep2464,-13.994164535871148
ep2465,-13.994164535871148
ep2466,29.00875319619327
ep2467,32.957730757419384
ep2468,31.628153449845186
ep2469,-13.994164535871148
ep2470,-13.994164535871148
ep2471,29.00875319619327
ep2472,-13.994164535871148
ep2473,-13.994164535871148
ep2474,30.311871915346735
ep2475,-13.994164535871148
ep2476,34.30073813880746
ep2477,31.628153449845186
ep2478,-13.994164535871148
ep2479,-13.994164535871148
ep2480,29.00875319619327
ep2481,-13.994164535871148
ep2482,29.00875319619327
ep2483,-13.994164535871148
ep2484,-13.994164535871148
ep2485,38.41170416418801
ep2486,37.02758712254613
ep2487,31.628153449845186
ep2488,30.311871915346735
ep2489,-13.994164535871148
ep2490,-13.994164535871148
ep2491,-13.994164535871148
ep2492,-13.994164535871148
ep2493,-13.994164535871148
ep2494,-13.994164535871148
ep2495,32.957730757419384
ep2496,-13.994164535871148
ep2497,31.628153449845186
ep2498,34.30073813880746
ep2499,-13.994164535871148
ep2500,31.628153449845186
ep2501,-13.994164535871148
ep2502,34.30073813880746
ep2503,-13.994164535871148
ep2504,38.41170416418801
ep2505,32.957730757419384
ep2506,34.30073813880746
ep2507,29.00875319619327
ep2508,-13.994164535871148
ep2509,38.41170416418801
ep2510,-13.994164535871148
ep2511,-13.994164535871148
ep2512,32.957730757419384
ep2513,-13.994164535871148
ep2514,30.311871915346735
ep2515,-13.994164535871148
ep2516,-13.994164535871148
ep2517,31.628153449845186
ep2518,-13.994164535871148
ep2519,29.00875319619327
ep2520,-13.994164535871148
ep2521,-13.994164535871148
ep2522,-13.994164535871148
ep2523,-13.994164535871148
ep2524,-13.994164535871148
ep2525,-13.994164535871148
ep2526,32.957730757419384
ep2527,-13.994164535871148
ep2528,-13.994164535871148
ep2529,37.02758712254613
ep2530,-13.994164535871148
ep2531,-13.994164535871148
ep2532,32.957730757419384
ep2533,-13.994164535871148
ep2534,30.311871915346735
ep2535,-13.994164535871148
ep2536,29.00875319619327
ep2537,30.311871915346735
ep2538,-13.994164535871148
ep2539,-13.994164535871148
ep2540,-13.994164535871148
ep2541,34.30073813880746
ep2542,-13.994164535871148
ep2543,30.311871915346735
ep2544,29.00875319619327
ep2545,-13.994164535871148
ep2546,-13.994164535871148
ep2547,-13.994164535871148
ep2548,37.02758712254613
ep2549,30.311871915346735
ep2550,-13.994164535871148
ep2551,31.628153449845186
ep2552,30.311871915346735
ep2553,-13.994164535871148
ep2554,-13.994164535871148
ep2555,-13.994164535871148
ep2556,-13.994164535871148
ep2557,-13.994164535871148
ep2558,30.311871915346735
ep2559,-13.994164535871148
ep2560,-13.994164535871148
ep2561,-13.994164535871148
ep2562,32.957730757419384
ep2563,-13.994164535871148
ep2564,-13.994164535871148
ep2565,-13.994164535871148
ep2566,-13.994164535871148
ep2567,-13.994164535871148
ep2568,-13.994164535871148
ep2569,32.957730757419384
ep2570,35.65731125132067
ep2571,31.628153449845186
ep2572,29.00875319619327
ep2573,-13.994164535871148
ep2574,-13.994164535871148
ep2575,-13.994164535871148
ep2576,30.311871915346735
ep2577,34.30073813880746
ep2578,35.65731125132067
ep2579,31.628153449845186
ep2580,30.311871915346735
ep2581,31.628153449845186
ep2582,-13.994164535871148
ep2583,37.02758712254613
ep2584,-13.994164535871148
ep2585,29.00875319619327
ep2586,-13.994164535871148
ep2587,32.957730757419384
ep2588,-13.994164535871148
ep2589,37.02758712254613
ep2590,35.65731125132067
ep2591,35.65731125132067
ep2592,-13.994164535871148
ep2593,-13.994164535871148
ep2594,31.628153449845186
ep2595,30.311871915346735
ep2596,-13.994164535871148
ep2597,32.957730757419384
ep2598,-13.994164535871148
ep2599,37.02758712254613
ep2600,37.02758712254613
ep2601,38.41170416418801
ep2602,-13.994164535871148
ep2603,35.65731125132067
ep2604,-13.994164535871148
ep2605,-13.994164535871148
ep2606,-13.994164535871148
ep2607,-13.994164535871148
ep2608,30.311871915346735
ep2609,30.311871915346735
ep2610,29.00875319619327
ep2611,37.02758712254613
ep2612,-13.994164535871148
ep2613,-13.994164535871148
ep2614,-13.994164535871148
ep2615,-13.994164535871148
ep2616,-13.994164535871148
ep2617,-13.994164535871148
ep2618,-13.994164535871148
ep2619,30.311871915346735
ep2620,-13.994164535871148
ep2621,31.628153449845186
ep2622,29.00875319619327
ep2623,-13.994164535871148
ep2624,-13.994164535871148
ep2625,35.65731125132067
ep2626,32.957730757419384
ep2627,31.628153449845186
ep2628,-13.994164535871148
ep2629,38.41170416418801
ep2630,30.311871915346735
ep2631,30.311871915346735
ep2632,-13.994164535871148
ep2633,35.65731125132067
ep2634,37.02758712254613
ep2635,35.65731125132067
ep2636,31.628153449845186
ep2637,41.22202241015
ep2638,32.957730757419384
ep2639,31.628153449845186
ep2640,41.22202241015
ep2641,-13.994164535871148
ep2642,-13.994164535871148
ep2643,34.30073813880746
ep2644,-13.994164535871148
ep2645,30.311871915346735
ep2646,32.957730757419384
ep2647,-13.994164535871148
ep2648,35.65731125132067
ep2649,-13.994164535871148
ep2650,30.311871915346735
ep2651,37.02758712254613
ep2652,32.957730757419384
ep2653,35.65731125132067
ep2654,-13.994164535871148
ep2655,34.30073813880746
ep2656,-13.994164535871148
ep2657,29.00875319619327
ep2658,-13.994164535871148
ep2659,32.957730757419384
ep2660,-13.994164535871148
ep2661,35.65731125132067
ep2662,-13.994164535871148
ep2663,37.02758712254613
ep2664,-13.994164535871148
ep2665,-13.994164535871148
ep2666,32.957730757419384
ep2667,-13.994164535871148
ep2668,38.41170416418801
ep2669,-13.994164535871148
ep2670,31.628153449845186
ep2671,-13.994164535871148
ep2672,29.00875319619327
ep2673,-13.994164535871148
ep2674,37.02758712254613
ep2675,-13.994164535871148
ep2676,30.311871915346735
ep2677,32.957730757419384
ep2678,38.41170416418801
ep2679,-13.994164535871148
ep2680,34.30073813880746
ep2681,37.02758712254613
ep2682,38.41170416418801
ep2683,31.628153449845186
ep2684,-13.994164535871148
ep2685,-13.994164535871148
ep2686,32.957730757419384
ep2687,39.80980218604849
ep2688,32.957730757419384
ep2689,30.311871915346735
ep2690,38.41170416418801
ep2691,-13.994164535871148
ep2692,-13.994164535871148
ep2693,35.65731125132067
ep2694,-13.994164535871148
ep2695,29.00875319619327
ep2696,-13.994164535871148
ep2697,29.00875319619327
ep2698,29.00875319619327
ep2699,-13.994164535871148
ep2700,31.628153449845186
ep2701,-13.994164535871148
ep2702,29.00875319619327
ep2703,29.00875319619327
ep2704,-13.994164535871148
ep2705,32.957730757419384
ep2706,-13.994164535871148
ep2707,-13.994164535871148
ep2708,29.00875319619327
ep2709,41.22202241015
ep2710,38.41170416418801
ep2711,-13.994164535871148
ep2712,35.65731125132067
ep2713,39.80980218604849
ep2714,-13.994164535871148
ep2715,-13.994164535871148
ep2716,-13.994164535871148
ep2717,29.00875319619327
ep2718,30.311871915346735
ep2719,32.957730757419384
ep2720,30.311871915346735
ep2721,-13.994164535871148
ep2722,30.311871915346735
ep2723,-13.994164535871148
ep2724,30.311871915346735
ep2725,-13.994164535871148
ep2726,35.65731125132067
ep2727,29.00875319619327
ep2728,32.957730757419384
ep2729,34.30073813880746
ep2730,32.957730757419384
ep2731,31.628153449845186
ep2732,-13.994164535871148
ep2733,-13.994164535871148
ep2734,35.65731125132067
ep2735,-13.994164535871148
ep2736,-13.994164535871148
ep2737,-13.994164535871148
ep2738,32.957730757419384
ep2739,29.00875319619327
ep2740,-13.994164535871148
ep2741,-13.994164535871148
ep2742,31.628153449845186
ep2743,-13.994164535871148
ep2744,-13.994164535871148
ep2745,30.311871915346735
ep2746,-13.994164535871148
ep2747,30.311871915346735
ep2748,-13.994164535871148
ep2749,30.311871915346735
ep2750,-13.994164535871148
ep2751,-13.994164535871148
ep2752,30.311871915346735
ep2753,32.957730757419384
ep2754,38.41170416418801
ep2755,29.00875319619327
ep2756,32.957730757419384
ep2757,-13.994164535871148
ep2758,30.311871915346735
ep2759,-13.994164535871148
ep2760,35.65731125132067
ep2761,-13.994164535871148
ep2762,-13.994164535871148
ep2763,35.65731125132067
ep2764,-13.994164535871148
ep2765,32.957730757419384
ep2766,-13.994164535871148
ep2767,30.311871915346735
ep2768,30.311871915346735
ep2769,29.00875319619327
ep2770,35.65731125132067
ep2771,31.628153449845186
ep2772,35.65731125132067
ep2773,-13.994164535871148
ep2774,-13.994164535871148
ep2775,-13.994164535871148
ep2776,30.311871915346735
ep2777,-13.994164535871148
ep2778,-13.994164535871148
ep2779,-13.994164535871148
ep2780,-13.994164535871148
ep2781,35.65731125132067
ep2782,32.957730757419384
ep2783,-13.994164535871148
ep2784,-13.994164535871148
ep2785,31.628153449845186
ep2786,31.628153449845186
ep2787,29.00875319619327
ep2788,29.00875319619327
ep2789,29.00875319619327
ep2790,30.311871915346735
ep2791,38.41170416418801
ep2792,37.02758712254613
ep2793,30.311871915346735
ep2794,-13.994164535871148
ep2795,-13.994164535871148
ep2796,29.00875319619327
ep2797,-13.994164535871148
ep2798,31.628153449845186
ep2799,30.311871915346735
ep2800,-13.994164535871148
ep2801,-13.994164535871148
ep2802,-13.994164535871148
ep2803,30.311871915346735
ep2804,35.65731125132067
ep2805,35.65731125132067
ep2806,-13.994164535871148
ep2807,32.957730757419384
ep2808,32.957730757419384
ep2809,-13.994164535871148
ep2810,-13.994164535871148
ep2811,32.957730757419384
ep2812,-13.994164535871148
ep2813,-13.994164535871148
ep2814,-13.994164535871148
ep2815,-13.994164535871148
ep2816,-13.994164535871148
ep2817,31.628153449845186
ep2818,32.957730757419384
ep2819,29.00875319619327
ep2820,-13.994164535871148
ep2821,-13.994164535871148
ep2822,30.311871915346735
ep2823,-13.994164535871148
ep2824,-13.994164535871148
ep2825,-13.994164535871148
ep2826,-13.994164535871148
ep2827,30.311871915346735
ep2828,-13.994164535871148
ep2829,-13.994164535871148
ep2830,32.957730757419384
ep2831,-13.994164535871148
ep2832,32.957730757419384
ep2833,38.41170416418801
ep2834,-13.994164535871148
ep2835,32.957730757419384
ep2836,31.628153449845186
ep2837,38.41170416418801
ep2838,-13.994164535871148
ep2839,-13.994164535871148
ep2840,32.957730757419384
ep2841,35.65731125132067
ep2842,29.00875319619327
ep2843,29.00875319619327
ep2844,41.22202241015
ep2845,31.628153449845186
ep2846,30.311871915346735
ep2847,-13.994164535871148
ep2848,-13.994164535871148
ep2849,-13.994164535871148
ep2850,32.957730757419384
ep2851,30.311871915346735
ep2852,32.957730757419384
ep2853,32.957730757419384
ep2854,35.65731125132067
ep2855,30.311871915346735
ep2856,-13.994164535871148
ep2857,-13.994164535871148
ep2858,31.628153449845186
ep2859,-13.994164535871148
ep2860,-13.994164535871148
ep2861,-13.994164535871148
ep2862,-13.994164535871148
ep2863,35.65731125132067
ep2864,34.30073813880746
ep2865,35.65731125132067
ep2866,-13.994164535871148
ep2867,30.311871915346735
ep2868,29.00875319619327
ep2869,30.311871915346735
ep2870,-13.994164535871148
ep2871,-13.994164535871148
ep2872,-13.994164535871148
ep2873,-13.994164535871148
ep2874,30.311871915346735
ep2875,-13.994164535871148
ep2876,35.65731125132067
ep2877,-13.994164535871148
ep2878,30.311871915346735
ep2879,-13.994164535871148
ep2880,-13.994164535871148
ep2881,30.311871915346735
ep2882,29.00875319619327
ep2883,-13.994164535871148
ep2884,29.00875319619327
ep2885,31.628153449845186
ep2886,31.628153449845186
ep2887,30.311871915346735
ep2888,37.02758712254613
ep2889,-13.994164535871148
ep2890,-13.994164535871148
ep2891,-13.994164535871148
ep2892,-13.994164535871148
ep2893,29.00875319619327
ep2894,31.628153449845186
ep2895,35.65731125132067
ep2896,41.22202241015
ep2897,32.957730757419384
ep2898,-13.994164535871148
ep2899,-13.994164535871148
ep2900,31.628153449845186
ep2901,30.311871915346735
ep2902,-13.994164535871148
ep2903,-13.994164535871148
ep2904,30.311871915346735
ep2905,31.628153449845186
ep2906,29.00875319619327
ep2907,35.65731125132067
ep2908,-13.994164535871148
ep2909,30.311871915346735
ep2910,30.311871915346735
ep2911,34.30073813880746
ep2912,-13.994164535871148
ep2913,31.628153449845186
ep2914,29.00875319619327
ep2915,-13.994164535871148
ep2916,29.00875319619327
ep2917,-13.994164535871148
ep2918,38.41170416418801
ep2919,31.628153449845186
ep2920,-13.994164535871148
ep2921,30.311871915346735
ep2922,-13.994164535871148
ep2923,31.628153449845186
ep2924,29.00875319619327
ep2925,31.628153449845186
ep2926,-13.994164535871148
ep2927,34.30073813880746
ep2928,30.311871915346735
ep2929,-13.994164535871148
ep2930,-13.994164535871148
ep2931,31.628153449845186
ep2932,-13.994164535871148
ep2933,31.628153449845186
ep2934,-13.994164535871148
ep2935,35.65731125132067
ep2936,38.41170416418801
ep2937,31.628153449845186
ep2938,39.80980218604849
ep2939,30.311871915346735
ep2940,29.00875319619327
ep2941,30.311871915346735
ep2942,-13.994164535871148
ep2943,-13.994164535871148
ep2944,35.65731125132067
ep2945,31.628153449845186
ep2946,31.628153449845186
ep2947,-13.994164535871148
ep2948,29.00875319619327
ep2949,-13.994164535871148
ep2950,-13.994164535871148
ep2951,-13.994164535871148
ep2952,-13.994164535871148
ep2953,31.628153449845186
ep2954,-13.994164535871148
ep2955,-13.994164535871148
ep2956,-13.994164535871148
ep2957,32.957730757419384
ep2958,32.957730757419384
ep2959,-13.994164535871148
ep2960,30.311871915346735
ep2961,-13.994164535871148
ep2962,34.30073813880746
ep2963,29.00875319619327
ep2964,-13.994164535871148
ep2965,-13.994164535871148
ep2966,30.311871915346735
ep2967,-13.994164535871148
ep2968,-13.994164535871148
ep2969,30.311871915346735
ep2970,-13.994164535871148
ep2971,32.957730757419384
ep2972,-13.994164535871148
ep2973,-13.994164535871148
ep2974,-13.994164535871148
ep2975,30.311871915346735
ep2976,-13.994164535871148
ep2977,-13.994164535871148
ep2978,32.957730757419384
ep2979,-13.994164535871148
ep2980,-13.994164535871148
ep2981,-13.994164535871148
ep2982,32.957730757419384
ep2983,-13.994164535871148
ep2984,32.957730757419384
ep2985,-13.994164535871148
ep2986,-13.994164535871148
ep2987,38.41170416418801
ep2988,31.628153449845186
ep2989,35.65731125132067
ep2990,-13.994164535871148
ep2991,-13.994164535871148
ep2992,-13.994164535871148
ep2993,34.30073813880746
ep2994,-13.994164535871148
ep2995,32.957730757419384
ep2996,30.311871915346735
ep2997,-13.994164535871148
ep2998,32.957730757419384
ep2999,35.65731125132067
ep3000,29.00875319619327
ep3001,30.311871915346735
ep3002,31.628153449845186
ep3003,30.311871915346735
ep3004,-13.994164535871148
ep3005,29.00875319619327
ep3006,30.311871915346735
ep3007,-13.994164535871148
ep3008,-13.994164535871148
ep3009,-13.994164535871148
ep3010,-13.994164535871148
ep3011,32.957730757419384
ep3012,37.02758712254613
ep3013,-13.994164535871148
ep3014,-13.994164535871148
ep3015,29.00875319619327
ep3016,-13.994164535871148
ep3017,38.41170416418801
ep3018,34.30073813880746
ep3019,31.628153449845186
ep3020,-13.994164535871148
ep3021,34.30073813880746
ep3022,-13.994164535871148
ep3023,-13.994164535871148
ep3024,34.30073813880746
ep3025,-13.994164535871148
ep3026,30.311871915346735
ep3027,-13.994164535871148
ep3028,31.628153449845186
ep3029,-13.994164535871148
ep3030,41.22202241015
ep3031,41.22202241015
ep3032,-13.994164535871148
ep3033,30.311871915346735
ep3034,29.00875319619327
ep3035,-13.994164535871148
ep3036,-13.994164535871148
ep3037,31.628153449845186
ep3038,29.00875319619327
ep3039,-13.994164535871148
ep3040,-13.994164535871148
ep3041,-13.994164535871148
ep3042,30.311871915346735
ep3043,37.02758712254613
ep3044,-13.994164535871148
ep3045,-13.994164535871148
ep3046,31.628153449845186
ep3047,37.02758712254613
ep3048,-13.994164535871148
ep3049,-13.994164535871148
ep3050,-13.994164535871148
ep3051,-13.994164535871148
ep3052,-13.994164535871148
ep3053,32.957730757419384
ep3054,35.65731125132067
ep3055,31.628153449845186
ep3056,-13.994164535871148
ep3057,-13.994164535871148
ep3058,-13.994164535871148
ep3059,37.02758712254613
ep3060,-13.994164535871148
ep3061,-13.994164535871148
ep3062,31.628153449845186
ep3063,32.957730757419384
ep3064,30.311871915346735
ep3065,30.311871915346735
ep3066,35.65731125132067
ep3067,41.22202241015
ep3068,30.311871915346735
ep3069,38.41170416418801
ep3070,-13.994164535871148
ep3071,29.00875319619327
ep3072,-13.994164535871148
ep3073,30.311871915346735
ep3074,31.628153449845186
ep3075,-13.994164535871148
ep3076,30.311871915346735
ep3077,35.65731125132067
ep3078,-13.994164535871148
ep3079,-13.994164535871148
ep3080,-13.994164535871148
ep3081,-13.994164535871148
ep3082,32.957730757419384
ep3083,-13.994164535871148
ep3084,30.311871915346735
ep3085,32.957730757419384
ep3086,32.957730757419384
ep3087,-13.994164535871148
ep3088,-13.994164535871148
ep3089,-13.994164535871148
ep3090,-13.994164535871148
ep3091,41.22202241015
ep3092,-13.994164535871148
ep3093,31.628153449845186
ep3094,-13.994164535871148
ep3095,-13.994164535871148
ep3096,-13.994164535871148
ep3097,-13.994164535871148
ep3098,32.957730757419384
ep3099,30.311871915346735
ep3100,-13.994164535871148
ep3101,-13.994164535871148
ep3102,35.65731125132067
ep3103,41.22202241015
ep3104,-13.994164535871148
ep3105,-13.994164535871148
ep3106,29.00875319619327
ep3107,30.311871915346735
ep3108,31.628153449845186
ep3109,-13.994164535871148
ep3110,-13.994164535871148
ep3111,31.628153449845186
ep3112,-13.994164535871148
ep3113,-13.994164535871148
ep3114,32.957730757419384
ep3115,30.311871915346735
ep3116,-13.994164535871148
ep3117,-13.994164535871148
ep3118,35.65731125132067
ep3119,32.957730757419384
ep3120,-13.994164535871148
ep3121,-13.994164535871148
ep3122,32.957730757419384
ep3123,31.628153449845186
ep3124,-13.994164535871148
ep3125,29.00875319619327
ep3126,-13.994164535871148
ep3127,30.311871915346735
ep3128,35.65731125132067
ep3129,30.311871915346735
ep3130,-13.994164535871148
ep3131,-13.994164535871148
ep3132,31.628153449845186
ep3133,-13.994164535871148
ep3134,31.628153449845186
ep3135,-13.994164535871148
ep3136,37.02758712254613
ep3137,-13.994164535871148
ep3138,30.311871915346735
ep3139,-13.994164535871148
ep3140,-13.994164535871148
ep3141,35.65731125132067
ep3142,32.957730757419384
ep3143,-13.994164535871148
ep3144,37.02758712254613
ep3145,-13.994164535871148
ep3146,-13.994164535871148
ep3147,-13.994164535871148
ep3148,29.00875319619327
ep3149,31.628153449845186
ep3150,32.957730757419384
ep3151,29.00875319619327
ep3152,-13.994164535871148
ep3153,31.628153449845186
ep3154,-13.994164535871148
ep3155,-13.994164535871148
ep3156,-13.994164535871148
ep3157,-13.994164535871148
ep3158,35.65731125132067
ep3159,-13.994164535871148
ep3160,-13.994164535871148
ep3161,-13.994164535871148
ep3162,31.628153449845186
ep3163,31.628153449845186
ep3164,34.30073813880746
ep3165,30.311871915346735
ep3166,-13.994164535871148
ep3167,31.628153449845186
ep3168,-13.994164535871148
ep3169,31.628153449845186
ep3170,-13.994164535871148
ep3171,-13.994164535871148
ep3172,-13.994164535871148
ep3173,30.311871915346735
ep3174,29.00875319619327
ep3175,-13.994164535871148
ep3176,-13.994164535871148
ep3177,38.41170416418801
ep3178,-13.994164535871148
ep3179,30.311871915346735
ep3180,32.957730757419384
ep3181,-13.994164535871148
ep3182,-13.994164535871148
ep3183,31.628153449845186
ep3184,-13.994164535871148
ep3185,-13.994164535871148
ep3186,-13.994164535871148
ep3187,-13.994164535871148
ep3188,30.311871915346735
ep3189,29.00875319619327
ep3190,30.311871915346735
ep3191,32.957730757419384
ep3192,29.00875319619327
ep3193,-13.994164535871148
ep3194,-13.994164535871148
ep3195,35.65731125132067
ep3196,-13.994164535871148
ep3197,-13.994164535871148
ep3198,37.02758712254613
ep3199,34.30073813880746
ep3200,-13.994164535871148
ep3201,34.30073813880746
ep3202,35.65731125132067
ep3203,34.30073813880746
ep3204,-13.994164535871148
ep3205,-13.994164535871148
ep3206,32.957730757419384
ep3207,-13.994164535871148
ep3208,34.30073813880746
ep3209,38.41170416418801
ep3210,-13.994164535871148
ep3211,-13.994164535871148
ep3212,29.00875319619327
ep3213,31.628153449845186
ep3214,-13.994164535871148
ep3215,-13.994164535871148
ep3216,30.311871915346735
ep3217,-13.994164535871148
ep3218,-13.994164535871148
ep3219,29.00875319619327
ep3220,32.957730757419384
ep3221,29.00875319619327
ep3222,-13.994164535871148
ep3223,-13.994164535871148
ep3224,-13.994164535871148
ep3225,-13.994164535871148
ep3226,-13.994164535871148
ep3227,-13.994164535871148
ep3228,-13.994164535871148
ep3229,35.65731125132067
ep3230,-13.994164535871148
ep3231,41.22202241015
ep3232,-13.994164535871148
ep3233,29.00875319619327
ep3234,-13.994164535871148
ep3235,-13.994164535871148
ep3236,35.65731125132067
ep3237,32.957730757419384
ep3238,-13.994164535871148
ep3239,30.311871915346735
ep3240,-13.994164535871148
ep3241,-13.994164535871148
ep3242,-13.994164535871148
ep3243,-13.994164535871148
ep3244,32.957730757419384
ep3245,31.628153449845186
ep3246,41.22202241015
ep3247,32.957730757419384
ep3248,-13.994164535871148
ep3249,32.957730757419384
ep3250,35.65731125132067
ep3251,32.957730757419384
ep3252,-13.994164535871148
ep3253,35.65731125132067
ep3254,41.22202241015
ep3255,-13.994164535871148
ep3256,34.30073813880746
ep3257,-13.994164535871148
ep3258,35.65731125132067
ep3259,29.00875319619327
ep3260,38.41170416418801
ep3261,35.65731125132067
ep3262,-13.994164535871148
ep3263,-13.994164535871148
ep3264,-13.994164535871148
ep3265,-13.994164535871148
ep3266,-13.994164535871148
ep3267,30.311871915346735
ep3268,-13.994164535871148
ep3269,-13.994164535871148
ep3270,32.957730757419384
ep3271,37.02758712254613
ep3272,35.65731125132067
ep3273,-13.994164535871148
ep3274,32.957730757419384
ep3275,-13.994164535871148
ep3276,31.628153449845186
ep3277,30.311871915346735
ep3278,-13.994164535871148
ep3279,30.311871915346735
ep3280,-13.994164535871148
ep3281,31.628153449845186
ep3282,30.311871915346735
ep3283,-13.994164535871148
ep3284,31.628153449845186
ep3285,35.65731125132067
ep3286,30.311871915346735
ep3287,38.41170416418801
ep3288,37.02758712254613
ep3289,32.957730757419384
ep3290,29.00875319619327
ep3291,32.957730757419384
ep3292,-13.994164535871148
ep3293,-13.994164535871148
ep3294,32.957730757419384
ep3295,32.957730757419384
ep3296,-13.994164535871148
ep3297,31.628153449845186
ep3298,29.00875319619327
ep3299,-13.994164535871148
ep3300,-13.994164535871148
ep3301,-13.994164535871148
ep3302,31.628153449845186
ep3303,29.00875319619327
ep3304,32.957730757419384
ep3305,31.628153449845186
ep3306,-13.994164535871148
ep3307,-13.994164535871148
ep3308,30.311871915346735
ep3309,-13.994164535871148
ep3310,-13.994164535871148
ep3311,-13.994164535871148
ep3312,29.00875319619327
ep3313,-13.994164535871148
ep3314,-13.994164535871148
ep3315,35.65731125132067
ep3316,29.00875319619327
ep3317,-13.994164535871148
ep3318,29.00875319619327
ep3319,-13.994164535871148
ep3320,41.22202241015
ep3321,30.311871915346735
ep3322,34.30073813880746
ep3323,-13.994164535871148
ep3324,30.311871915346735
ep3325,-13.994164535871148
ep3326,-13.994164535871148
ep3327,31.628153449845186
ep3328,32.957730757419384
ep3329,-13.994164535871148
ep3330,-13.994164535871148
ep3331,-13.994164535871148
ep3332,-13.994164535871148
ep3333,29.00875319619327
ep3334,29.00875319619327
ep3335,35.65731125132067
ep3336,29.00875319619327
ep3337,30.311871915346735
ep3338,-13.994164535871148
ep3339,38.41170416418801
ep3340,41.22202241015
ep3341,38.41170416418801
ep3342,-13.994164535871148
ep3343,-13.994164535871148
ep3344,-13.994164535871148
ep3345,37.02758712254613
ep3346,31.628153449845186
ep3347,-13.994164535871148
ep3348,-13.994164535871148
ep3349,38.41170416418801
ep3350,-13.994164535871148
ep3351,-13.994164535871148
ep3352,-13.994164535871148
ep3353,-13.994164535871148
ep3354,29.00875319619327
ep3355,-13.994164535871148
ep3356,-13.994164535871148
ep3357,41.22202241015
ep3358,-13.994164535871148
ep3359,-13.994164535871148
ep3360,-13.994164535871148
ep3361,-13.994164535871148
ep3362,-13.994164535871148
ep3363,-13.994164535871148
ep3364,-13.994164535871148
ep3365,-13.994164535871148
ep3366,-13.994164535871148
ep3367,34.30073813880746
ep3368,32.957730757419384
ep3369,-13.994164535871148
ep3370,29.00875319619327
ep3371,30.311871915346735
ep3372,-13.994164535871148
ep3373,-13.994164535871148
ep3374,32.957730757419384
ep3375,32.957730757419384
ep3376,31.628153449845186
ep3377,-13.994164535871148
ep3378,-13.994164535871148
ep3379,30.311871915346735
ep3380,-13.994164535871148
ep3381,-13.994164535871148
ep3382,-13.994164535871148
ep3383,-13.994164535871148
ep3384,-13.994164535871148
ep3385,32.957730757419384
ep3386,-13.994164535871148
ep3387,32.957730757419384
ep3388,30.311871915346735
ep3389,31.628153449845186
ep3390,-13.994164535871148
ep3391,31.628153449845186
ep3392,-13.994164535871148
ep3393,-13.994164535871148
ep3394,-13.994164535871148
ep3395,38.41170416418801
ep3396,-13.994164535871148
ep3397,30.311871915346735
ep3398,-13.994164535871148
ep3399,-13.994164535871148
ep3400,-13.994164535871148
ep3401,29.00875319619327
ep3402,-13.994164535871148
ep3403,-13.994164535871148
ep3404,-13.994164535871148
ep3405,34.30073813880746
ep3406,-13.994164535871148
ep3407,-13.994164535871148
ep3408,35.65731125132067
ep3409,-13.994164535871148
ep3410,-13.994164535871148
ep3411,32.957730757419384
ep3412,-13.994164535871148
ep3413,-13.994164535871148
ep3414,-13.994164535871148
ep3415,-13.994164535871148
ep3416,31.628153449845186
ep3417,37.02758712254613
ep3418,-13.994164535871148
ep3419,34.30073813880746
ep3420,38.41170416418801
ep3421,-13.994164535871148
ep3422,-13.994164535871148
ep3423,38.41170416418801
ep3424,-13.994164535871148
ep3425,-13.994164535871148
ep3426,-13.994164535871148
ep3427,34.30073813880746
ep3428,34.30073813880746
ep3429,29.00875319619327
ep3430,31.628153449845186
ep3431,38.41170416418801
ep3432,-13.994164535871148
ep3433,-13.994164535871148
ep3434,-13.994164535871148
ep3435,-13.994164535871148
ep3436,30.311871915346735
ep3437,35.65731125132067
ep3438,-13.994164535871148
ep3439,30.311871915346735
ep3440,-13.994164535871148
ep3441,-13.994164535871148
ep3442,-13.994164535871148
ep3443,30.311871915346735
ep3444,35.65731125132067
ep3445,35.65731125132067
ep3446,30.311871915346735
ep3447,-13.994164535871148
ep3448,-13.994164535871148
ep3449,34.30073813880746
ep3450,-13.994164535871148
ep3451,35.65731125132067
ep3452,30.311871915346735
ep3453,29.00875319619327
ep3454,-13.994164535871148
ep3455,-13.994164535871148
ep3456,29.00875319619327
ep3457,30.311871915346735
ep3458,29.00875319619327
ep3459,-13.994164535871148
ep3460,32.957730757419384
ep3461,-13.994164535871148
ep3462,-13.994164535871148
ep3463,-13.994164535871148
ep3464,34.30073813880746
ep3465,-13.994164535871148
ep3466,-13.994164535871148
ep3467,30.311871915346735
ep3468,-13.994164535871148
ep3469,-13.994164535871148
ep3470,-13.994164535871148
ep3471,29.00875319619327
ep3472,-13.994164535871148
ep3473,38.41170416418801
ep3474,-13.994164535871148
ep3475,35.65731125132067
ep3476,-13.994164535871148
ep3477,-13.994164535871148
ep3478,-13.994164535871148
ep3479,-13.994164535871148
ep3480,-13.994164535871148
ep3481,-13.994164535871148
ep3482,32.957730757419384
ep3483,-13.994164535871148
ep3484,32.957730757419384
ep3485,41.22202241015
ep3486,34.30073813880746
ep3487,38.41170416418801
ep3488,35.65731125132067
ep3489,30.311871915346735
ep3490,-13.994164535871148
ep3491,32.957730757419384
ep3492,-13.994164535871148
ep3493,31.628153449845186
ep3494,35.65731125132067
ep3495,30.311871915346735
ep3496,-13.994164535871148
ep3497,30.311871915346735
ep3498,31.628153449845186
ep3499,32.957730757419384
ep3500,-13.994164535871148
ep3501,-13.994164535871148
ep3502,38.41170416418801
ep3503,37.02758712254613
ep3504,29.00875319619327
ep3505,-13.994164535871148
ep3506,31.628153449845186
ep3507,-13.994164535871148
ep3508,-13.994164535871148
ep3509,31.628153449845186
ep3510,-13.994164535871148
ep3511,32.957730757419384
ep3512,-13.994164535871148
ep3513,35.65731125132067
ep3514,34.30073813880746
ep3515,-13.994164535871148
ep3516,29.00875319619327
ep3517,31.628153449845186
ep3518,-13.994164535871148
ep3519,29.00875319619327
ep3520,-13.994164535871148
ep3521,41.22202241015
ep3522,32.957730757419384
ep3523,32.957730757419384
ep3524,-13.994164535871148
ep3525,32.957730757419384
ep3526,31.628153449845186
ep3527,-13.994164535871148
ep3528,30.311871915346735
ep3529,30.311871915346735
ep3530,29.00875319619327
ep3531,-13.994164535871148
ep3532,30.311871915346735
ep3533,32.957730757419384
ep3534,-13.994164535871148
ep3535,-13.994164535871148
ep3536,32.957730757419384
ep3537,30.311871915346735
ep3538,32.957730757419384
ep3539,34.30073813880746
ep3540,30.311871915346735
ep3541,31.628153449845186
ep3542,30.311871915346735
ep3543,35.65731125132067
ep3544,-13.994164535871148
ep3545,-13.994164535871148
ep3546,29.00875319619327
ep3547,-13.994164535871148
ep3548,-13.994164535871148
ep3549,-13.994164535871148
ep3550,-13.994164535871148
ep3551,-13.994164535871148
ep3552,-13.994164535871148
ep3553,34.30073813880746
ep3554,29.00875319619327
ep3555,32.957730757419384
ep3556,-13.994164535871148
ep3557,-13.994164535871148
ep3558,-13.994164535871148
ep3559,-13.994164535871148
ep3560,29.00875319619327
ep3561,37.02758712254613
ep3562,39.80980218604849
ep3563,-13.994164535871148
ep3564,-13.994164535871148
ep3565,-13.994164535871148
ep3566,-13.994164535871148
ep3567,-13.994164535871148
ep3568,35.65731125132067
ep3569,-13.994164535871148
ep3570,30.311871915346735
ep3571,30.311871915346735
ep3572,-13.994164535871148
ep3573,-13.994164535871148
ep3574,35.65731125132067
ep3575,-13.994164535871148
ep3576,30.311871915346735
ep3577,-13.994164535871148
ep3578,41.22202241015
ep3579,30.311871915346735
ep3580,-13.994164535871148
ep3581,-13.994164535871148
ep3582,-13.994164535871148
ep3583,34.30073813880746
ep3584,38.41170416418801
ep3585,-13.994164535871148
ep3586,30.311871915346735
ep3587,32.957730757419384
ep3588,29.00875319619327
ep3589,-13.994164535871148
ep3590,37.02758712254613
ep3591,34.30073813880746
ep3592,-13.994164535871148
ep3593,-13.994164535871148
ep3594,31.628153449845186
ep3595,32.957730757419384
ep3596,29.00875319619327
ep3597,31.628153449845186
ep3598,35.65731125132067
ep3599,41.22202241015
ep3600,31.628153449845186
ep3601,34.30073813880746
ep3602,-13.994164535871148
ep3603,-13.994164535871148
ep3604,29.00875319619327
ep3605,29.00875319619327
ep3606,37.02758712254613
ep3607,31.628153449845186
ep3608,34.30073813880746
ep3609,41.22202241015
ep3610,35.65731125132067
ep3611,34.30073813880746
ep3612,-13.994164535871148
ep3613,-13.994164535871148
ep3614,-13.994164535871148
ep3615,-13.994164535871148
ep3616,-13.994164535871148
ep3617,29.00875319619327
ep3618,38.41170416418801
ep3619,31.628153449845186
ep3620,31.628153449845186
ep3621,-13.994164535871148
ep3622,39.80980218604849
ep3623,-13.994164535871148
ep3624,34.30073813880746
ep3625,32.957730757419384
ep3626,29.00875319619327
ep3627,-13.994164535871148
ep3628,30.311871915346735
ep3629,-13.994164535871148
ep3630,-13.994164535871148
ep3631,30.311871915346735
ep3632,-13.994164535871148
ep3633,-13.994164535871148
ep3634,31.628153449845186
ep3635,30.311871915346735
ep3636,41.22202241015
ep3637,30.311871915346735
ep3638,31.628153449845186
ep3639,-13.994164535871148
ep3640,-13.994164535871148
ep3641,35.65731125132067
ep3642,41.22202241015
ep3643,-13.994164535871148
ep3644,-13.994164535871148
ep3645,-13.994164535871148
ep3646,32.957730757419384
ep3647,34.30073813880746
ep3648,-13.994164535871148
ep3649,30.311871915346735
ep3650,31.628153449845186
ep3651,31.628153449845186
ep3652,38.41170416418801
ep3653,32.957730757419384
ep3654,-13.994164535871148
ep3655,-13.994164535871148
ep3656,-13.994164535871148
ep3657,29.00875319619327
ep3658,-13.994164535871148
ep3659,30.311871915346735
ep3660,35.65731125132067
ep3661,-13.994164535871148
ep3662,-13.994164535871148
ep3663,-13.994164535871148
ep3664,-13.994164535871148
ep3665,-13.994164535871148
ep3666,-13.994164535871148
ep3667,-13.994164535871148
ep3668,-13.994164535871148
ep3669,34.30073813880746
ep3670,-13.994164535871148
ep3671,38.41170416418801
ep3672,39.80980218604849
ep3673,31.628153449845186
ep3674,-13.994164535871148
ep3675,41.22202241015
ep3676,35.65731125132067
ep3677,-13.994164535871148
ep3678,32.957730757419384
ep3679,29.00875319619327
ep3680,-13.994164535871148
ep3681,29.00875319619327
ep3682,30.311871915346735
ep3683,39.80980218604849
ep3684,30.311871915346735
ep3685,30.311871915346735
ep3686,29.00875319619327
ep3687,31.628153449845186
ep3688,-13.994164535871148
ep3689,-13.994164535871148
ep3690,-13.994164535871148
ep3691,-13.994164535871148
ep3692,-13.994164535871148
ep3693,29.00875319619327
ep3694,-13.994164535871148
ep3695,-13.994164535871148
ep3696,-13.994164535871148
ep3697,-13.994164535871148
ep3698,-13.994164535871148
ep3699,-13.994164535871148
ep3700,-13.994164535871148
ep3701,30.311871915346735
ep3702,-13.994164535871148
ep3703,31.628153449845186
ep3704,31.628153449845186
ep3705,-13.994164535871148
ep3706,-13.994164535871148
ep3707,29.00875319619327
ep3708,32.957730757419384
ep3709,-13.994164535871148
ep3710,30.311871915346735
ep3711,30.311871915346735
ep3712,30.311871915346735
ep3713,-13.994164535871148
ep3714,-13.994164535871148
ep3715,-13.994164535871148
ep3716,29.00875319619327
ep3717,34.30073813880746
ep3718,31.628153449845186
ep3719,-13.994164535871148
ep3720,-13.994164535871148
ep3721,-13.994164535871148
ep3722,30.311871915346735
ep3723,35.65731125132067
ep3724,32.957730757419384
ep3725,-13.994164535871148
ep3726,-13.994164535871148
ep3727,-13.994164535871148
ep3728,-13.994164535871148
ep3729,30.311871915346735
ep3730,30.311871915346735
ep3731,38.41170416418801
ep3732,-13.994164535871148
ep3733,32.957730757419384
ep3734,-13.994164535871148
ep3735,30.311871915346735
ep3736,29.00875319619327
ep3737,29.00875319619327
ep3738,-13.994164535871148
ep3739,31.628153449845186
ep3740,-13.994164535871148
ep3741,37.02758712254613
ep3742,35.65731125132067
ep3743,-13.994164535871148
ep3744,-13.994164535871148
ep3745,-13.994164535871148
ep3746,-13.994164535871148
ep3747,-13.994164535871148
ep3748,30.311871915346735
ep3749,34.30073813880746
ep3750,35.65731125132067
ep3751,30.311871915346735
ep3752,-13.994164535871148
ep3753,-13.994164535871148
ep3754,-13.994164535871148
ep3755,-13.994164535871148
ep3756,-13.994164535871148
ep3757,35.65731125132067
ep3758,-13.994164535871148
ep3759,-13.994164535871148
ep3760,30.311871915346735
ep3761,-13.994164535871148
ep3762,29.00875319619327
ep3763,-13.994164535871148
ep3764,30.311871915346735
ep3765,32.957730757419384
ep3766,31.628153449845186
ep3767,-13.994164535871148
ep3768,-13.994164535871148
ep3769,41.22202241015
ep3770,37.02758712254613
ep3771,31.628153449845186
ep3772,-13.994164535871148
ep3773,-13.994164535871148
ep3774,-13.994164535871148
ep3775,35.65731125132067
ep3776,37.02758712254613
ep3777,29.00875319619327
ep3778,-13.994164535871148
ep3779,-13.994164535871148
ep3780,30.311871915346735
ep3781,32.957730757419384
ep3782,30.311871915346735
ep3783,-13.994164535871148
ep3784,-13.994164535871148
ep3785,-13.994164535871148
ep3786,35.65731125132067
ep3787,30.311871915346735
ep3788,-13.994164535871148
ep3789,30.311871915346735
ep3790,-13.994164535871148
ep3791,32.957730757419384
ep3792,31.628153449845186
ep3793,30.311871915346735
ep3794,29.00875319619327
ep3795,29.00875319619327
ep3796,-13.994164535871148
ep3797,30.311871915346735
ep3798,32.957730757419384
ep3799,-13.994164535871148
ep3800,30.311871915346735
ep3801,35.65731125132067
ep3802,-13.994164535871148
ep3803,-13.994164535871148
ep3804,-13.994164535871148
ep3805,29.00875319619327
ep3806,30.311871915346735
ep3807,38.41170416418801
ep3808,-13.994164535871148
ep3809,-13.994164535871148
ep3810,-13.994164535871148
ep3811,-13.994164535871148
ep3812,-13.994164535871148
ep3813,-13.994164535871148
ep3814,31.628153449845186
ep3815,30.311871915346735
ep3816,29.00875319619327
ep3817,-13.994164535871148
ep3818,-13.994164535871148
ep3819,29.00875319619327
ep3820,32.957730757419384
ep3821,-13.994164535871148
ep3822,29.00875319619327
ep3823,31.628153449845186
ep3824,-13.994164535871148
ep3825,-13.994164535871148
ep3826,30.311871915346735
ep3827,32.957730757419384
ep3828,-13.994164535871148
ep3829,-13.994164535871148
ep3830,30.311871915346735
ep3831,-13.994164535871148
ep3832,-13.994164535871148
ep3833,32.957730757419384
ep3834,-13.994164535871148
ep3835,-13.994164535871148
ep3836,29.00875319619327
ep3837,-13.994164535871148
ep3838,-13.994164535871148
ep3839,38.41170416418801
ep3840,-13.994164535871148
ep3841,-13.994164535871148
ep3842,31.628153449845186
ep3843,30.311871915346735
ep3844,31.628153449845186
ep3845,31.628153449845186
ep3846,-13.994164535871148
ep3847,31.628153449845186
ep3848,-13.994164535871148
ep3849,-13.994164535871148
ep3850,29.00875319619327
ep3851,-13.994164535871148
ep3852,-13.994164535871148
ep3853,32.957730757419384
ep3854,-13.994164535871148
ep3855,31.628153449845186
ep3856,-13.994164535871148
ep3857,31.628153449845186
ep3858,-13.994164535871148
ep3859,34.30073813880746
ep3860,-13.994164535871148
ep3861,32.957730757419384
ep3862,-13.994164535871148
ep3863,35.65731125132067
ep3864,-13.994164535871148
ep3865,34.30073813880746
ep3866,-13.994164535871148
ep3867,38.41170416418801
ep3868,-13.994164535871148
ep3869,-13.994164535871148
ep3870,29.00875319619327
ep3871,29.00875319619327
ep3872,37.02758712254613
ep3873,31.628153449845186
ep3874,34.30073813880746
ep3875,30.311871915346735
ep3876,-13.994164535871148
ep3877,34.30073813880746
ep3878,-13.994164535871148
ep3879,31.628153449845186
ep3880,-13.994164535871148
ep3881,-13.994164535871148
ep3882,31.628153449845186
ep3883,-13.994164535871148
ep3884,-13.994164535871148
ep3885,30.311871915346735
ep3886,-13.994164535871148
ep3887,-13.994164535871148
ep3888,-13.994164535871148
ep3889,-13.994164535871148
ep3890,-13.994164535871148
ep3891,31.628153449845186
ep3892,30.311871915346735
ep3893,30.311871915346735
ep3894,35.65731125132067
ep3895,-13.994164535871148
ep3896,30.311871915346735
ep3897,-13.994164535871148
ep3898,30.311871915346735
ep3899,-13.994164535871148
ep3900,-13.994164535871148
ep3901,35.65731125132067
ep3902,-13.994164535871148
ep3903,31.628153449845186
ep3904,-13.994164535871148
ep3905,31.628153449845186
ep3906,-13.994164535871148
ep3907,30.311871915346735
ep3908,32.957730757419384
ep3909,-13.994164535871148
ep3910,38.41170416418801
ep3911,30.311871915346735
ep3912,-13.994164535871148
ep3913,-13.994164535871148
ep3914,-13.994164535871148
ep3915,-13.994164535871148
ep3916,-13.994164535871148
ep3917,30.311871915346735
ep3918,-13.994164535871148
ep3919,29.00875319619327
ep3920,30.311871915346735
ep3921,29.00875319619327
ep3922,35.65731125132067
ep3923,29.00875319619327
ep3924,34.30073813880746
ep3925,-13.994164535871148
ep3926,-13.994164535871148
ep3927,-13.994164535871148
ep3928,-13.994164535871148
ep3929,29.00875319619327
ep3930,37.02758712254613
ep3931,30.311871915346735
ep3932,32.957730757419384
ep3933,31.628153449845186
ep3934,34.30073813880746
ep3935,30.311871915346735
ep3936,-13.994164535871148
ep3937,-13.994164535871148
ep3938,29.00875319619327
ep3939,-13.994164535871148
ep3940,31.628153449845186
ep3941,-13.994164535871148
ep3942,37.02758712254613
ep3943,-13.994164535871148
ep3944,34.30073813880746
ep3945,34.30073813880746
ep3946,-13.994164535871148
ep3947,30.311871915346735
ep3948,-13.994164535871148
ep3949,35.65731125132067
ep3950,34.30073813880746
ep3951,35.65731125132067
ep3952,29.00875319619327
ep3953,29.00875319619327
ep3954,29.00875319619327
ep3955,-13.994164535871148
ep3956,37.02758712254613
ep3957,-13.994164535871148
ep3958,-13.994164535871148
ep3959,-13.994164535871148
ep3960,31.628153449845186
ep3961,-13.994164535871148
ep3962,37.02758712254613
ep3963,-13.994164535871148
ep3964,31.628153449845186
ep3965,29.00875319619327
ep3966,32.957730757419384
ep3967,29.00875319619327
ep3968,32.957730757419384
ep3969,34.30073813880746
ep3970,-13.994164535871148
ep3971,-13.994164535871148
ep3972,-13.994164535871148
ep3973,38.41170416418801
ep3974,29.00875319619327
ep3975,-13.994164535871148
ep3976,-13.994164535871148
ep3977,29.00875319619327
ep3978,-13.994164535871148
ep3979,29.00875319619327
ep3980,38.41170416418801
ep3981,-13.994164535871148
ep3982,-13.994164535871148
ep3983,-13.994164535871148
ep3984,-13.994164535871148
ep3985,-13.994164535871148
ep3986,38.41170416418801
ep3987,31.628153449845186
ep3988,-13.994164535871148
ep3989,29.00875319619327
ep3990,-13.994164535871148
ep3991,-13.994164535871148
ep3992,34.30073813880746
ep3993,31.628153449845186
ep3994,32.957730757419384
ep3995,38.41170416418801
ep3996,-13.994164535871148
ep3997,30.311871915346735
ep3998,-13.994164535871148
ep3999,-13.994164535871148
ep4000,32.957730757419384
ep4001,37.02758712254613
ep4002,34.30073813880746
ep4003,-13.994164535871148
ep4004,-13.994164535871148
ep4005,-13.994164535871148
ep4006,31.628153449845186
ep4007,31.628153449845186
ep4008,-13.994164535871148
ep4009,30.311871915346735
ep4010,34.30073813880746
ep4011,-13.994164535871148
ep4012,-13.994164535871148
ep4013,30.311871915346735
ep4014,-13.994164535871148
ep4015,-13.994164535871148
ep4016,29.00875319619327
ep4017,30.311871915346735
ep4018,31.628153449845186
ep4019,-13.994164535871148
ep4020,-13.994164535871148
ep4021,-13.994164535871148
ep4022,-13.994164535871148
ep4023,-13.994164535871148
ep4024,-13.994164535871148
ep4025,29.00875319619327
ep4026,34.30073813880746
ep4027,38.41170416418801
ep4028,-13.994164535871148
ep4029,31.628153449845186
ep4030,29.00875319619327
ep4031,-13.994164535871148
ep4032,31.628153449845186
ep4033,34.30073813880746
ep4034,30.311871915346735
ep4035,30.311871915346735
ep4036,-13.994164535871148
ep4037,-13.994164535871148
ep4038,38.41170416418801
ep4039,-13.994164535871148
ep4040,-13.994164535871148
ep4041,-13.994164535871148
ep4042,32.957730757419384
ep4043,30.311871915346735
ep4044,41.22202241015
ep4045,29.00875319619327
ep4046,-13.994164535871148
ep4047,32.957730757419384
ep4048,-13.994164535871148
ep4049,30.311871915346735
ep4050,32.957730757419384
ep4051,35.65731125132067
ep4052,38.41170416418801
ep4053,-13.994164535871148
ep4054,32.957730757419384
ep4055,-13.994164535871148
ep4056,29.00875319619327
ep4057,-13.994164535871148
ep4058,32.957730757419384
ep4059,31.628153449845186
ep4060,32.957730757419384
ep4061,-13.994164535871148
ep4062,32.957730757419384
ep4063,-13.994164535871148
ep4064,-13.994164535871148
ep4065,-13.994164535871148
ep4066,-13.994164535871148
ep4067,31.628153449845186
ep4068,-13.994164535871148
ep4069,-13.994164535871148
ep4070,30.311871915346735
ep4071,38.41170416418801
ep4072,-13.994164535871148
ep4073,30.311871915346735
ep4074,32.957730757419384
ep4075,30.311871915346735
ep4076,-13.994164535871148
ep4077,30.311871915346735
ep4078,-13.994164535871148
ep4079,31.628153449845186
ep4080,31.628153449845186
ep4081,30.311871915346735
ep4082,-13.994164535871148
ep4083,30.311871915346735
ep4084,31.628153449845186
ep4085,31.628153449845186
ep4086,29.00875319619327
ep4087,31.628153449845186
ep4088,29.00875319619327
ep4089,-13.994164535871148
ep4090,32.957730757419384
ep4091,31.628153449845186
ep4092,-13.994164535871148
ep4093,-13.994164535871148
ep4094,38.41170416418801
ep4095,-13.994164535871148
ep4096,-13.994164535871148
ep4097,35.65731125132067
ep4098,-13.994164535871148
ep4099,32.957730757419384
ep4100,30.311871915346735
ep4101,32.957730757419384
ep4102,29.00875319619327
ep4103,-13.994164535871148
ep4104,37.02758712254613
ep4105,31.628153449845186
ep4106,-13.994164535871148
ep4107,-13.994164535871148
ep4108,-13.994164535871148
ep4109,30.311871915346735
ep4110,30.311871915346735
ep4111,32.957730757419384
ep4112,-13.994164535871148
ep4113,34.30073813880746
ep4114,-13.994164535871148
ep4115,-13.994164535871148
ep4116,41.22202241015
ep4117,-13.994164535871148
ep4118,30.311871915346735
ep4119,-13.994164535871148
ep4120,38.41170416418801
ep4121,30.311871915346735
ep4122,-13.994164535871148
ep4123,-13.994164535871148
ep4124,-13.994164535871148
ep4125,32.957730757419384
ep4126,30.311871915346735
ep4127,30.311871915346735
ep4128,30.311871915346735
ep4129,-13.994164535871148
ep4130,32.957730757419384
ep4131,-13.994164535871148
ep4132,37.02758712254613
ep4133,30.311871915346735
ep4134,31.628153449845186
ep4135,-13.994164535871148
ep4136,29.00875319619327
ep4137,30.311871915346735
ep4138,29.00875319619327
ep4139,29.00875319619327
ep4140,-13.994164535871148
ep4141,-13.994164535871148
ep4142,37.02758712254613
ep4143,-13.994164535871148
ep4144,-13.994164535871148
ep4145,-13.994164535871148
ep4146,29.00875319619327
ep4147,34.30073813880746
ep4148,-13.994164535871148
ep4149,-13.994164535871148
ep4150,-13.994164535871148
ep4151,-13.994164535871148
ep4152,-13.994164535871148
ep4153,-13.994164535871148
ep4154,30.311871915346735
ep4155,-13.994164535871148
ep4156,-13.994164535871148
ep4157,-13.994164535871148
ep4158,-13.994164535871148
ep4159,31.628153449845186
ep4160,-13.994164535871148
ep4161,29.00875319619327
ep4162,34.30073813880746
ep4163,-13.994164535871148
ep4164,-13.994164535871148
ep4165,-13.994164535871148
ep4166,-13.994164535871148
ep4167,-13.994164535871148
ep4168,-13.994164535871148
ep4169,32.957730757419384
ep4170,-13.994164535871148
ep4171,-13.994164535871148
ep4172,31.628153449845186
ep4173,35.65731125132067
ep4174,-13.994164535871148
ep4175,30.311871915346735
ep4176,29.00875319619327
ep4177,-13.994164535871148
ep4178,32.957730757419384
ep4179,-13.994164535871148
ep4180,38.41170416418801
ep4181,-13.994164535871148
ep4182,-13.994164535871148
ep4183,-13.994164535871148
ep4184,-13.994164535871148
ep4185,-13.994164535871148
ep4186,-13.994164535871148
ep4187,29.00875319619327
ep4188,32.957730757419384
ep4189,35.65731125132067
ep4190,38.41170416418801
ep4191,-13.994164535871148
ep4192,-13.994164535871148
ep4193,34.30073813880746
ep4194,39.80980218604849
ep4195,31.628153449845186
ep4196,-13.994164535871148
ep4197,-13.994164535871148
ep4198,35.65731125132067
ep4199,-13.994164535871148
ep4200,31.628153449845186
ep4201,-13.994164535871148
ep4202,-13.994164535871148
ep4203,35.65731125132067
ep4204,35.65731125132067
ep4205,29.00875319619327
ep4206,29.00875319619327
ep4207,30.311871915346735
ep4208,-13.994164535871148
ep4209,32.957730757419384
ep4210,31.628153449845186
ep4211,-13.994164535871148
ep4212,-13.994164535871148
ep4213,38.41170416418801
ep4214,-13.994164535871148
ep4215,32.957730757419384
ep4216,29.00875319619327
ep4217,-13.994164535871148
ep4218,-13.994164535871148
ep4219,-13.994164535871148
ep4220,-13.994164535871148
ep4221,-13.994164535871148
ep4222,-13.994164535871148
ep4223,-13.994164535871148
ep4224,30.311871915346735
ep4225,30.311871915346735
ep4226,-13.994164535871148
ep4227,-13.994164535871148
ep4228,-13.994164535871148
ep4229,-13.994164535871148
ep4230,-13.994164535871148
ep4231,31.628153449845186
ep4232,-13.994164535871148
ep4233,-13.994164535871148
ep4234,35.65731125132067
ep4235,30.311871915346735
ep4236,30.311871915346735
ep4237,29.00875319619327
ep4238,35.65731125132067
ep4239,38.41170416418801
ep4240,32.957730757419384
ep4241,-13.994164535871148
ep4242,32.957730757419384
ep4243,34.30073813880746
ep4244,30.311871915346735
ep4245,-13.994164535871148
ep4246,-13.994164535871148
ep4247,29.00875319619327
ep4248,31.628153449845186
ep4249,30.311871915346735
ep4250,31.628153449845186
ep4251,38.41170416418801
ep4252,-13.994164535871148
ep4253,37.02758712254613
ep4254,-13.994164535871148
ep4255,-13.994164535871148
ep4256,30.311871915346735
ep4257,37.02758712254613
ep4258,-13.994164535871148
ep4259,38.41170416418801
ep4260,29.00875319619327
ep4261,30.311871915346735
ep4262,-13.994164535871148
ep4263,-13.994164535871148
ep4264,-13.994164535871148
ep4265,41.22202241015
ep4266,-13.994164535871148
ep4267,-13.994164535871148
ep4268,29.00875319619327
ep4269,-13.994164535871148
ep4270,31.628153449845186
ep4271,34.30073813880746
ep4272,30.311871915346735
ep4273,31.628153449845186
ep4274,-13.994164535871148
ep4275,-13.994164535871148
ep4276,-13.994164535871148
ep4277,30.311871915346735
ep4278,-13.994164535871148
ep4279,-13.994164535871148
ep4280,29.00875319619327
ep4281,-13.994164535871148
ep4282,32.957730757419384
ep4283,31.628153449845186
ep4284,29.00875319619327
ep4285,30.311871915346735
ep4286,-13.994164535871148
ep4287,-13.994164535871148
ep4288,-13.994164535871148
ep4289,-13.994164535871148
ep4290,29.00875319619327
ep4291,37.02758712254613
ep4292,38.41170416418801
ep4293,30.311871915346735
ep4294,35.65731125132067
ep4295,29.00875319619327
ep4296,-13.994164535871148
ep4297,41.22202241015
ep4298,-13.994164535871148
ep4299,-13.994164535871148
ep4300,-13.994164535871148
ep4301,34.30073813880746
ep4302,31.628153449845186
ep4303,-13.994164535871148
ep4304,-13.994164535871148
ep4305,29.00875319619327
ep4306,30.311871915346735
ep4307,30.311871915346735
ep4308,-13.994164535871148
ep4309,34.30073813880746
ep4310,-13.994164535871148
ep4311,34.30073813880746
ep4312,-13.994164535871148
ep4313,-13.994164535871148
ep4314,35.65731125132067
ep4315,30.311871915346735
ep4316,34.30073813880746
ep4317,-13.994164535871148
ep4318,-13.994164535871148
ep4319,41.22202241015
ep4320,38.41170416418801
ep4321,32.957730757419384
ep4322,29.00875319619327
ep4323,34.30073813880746
ep4324,-13.994164535871148
ep4325,-13.994164535871148
ep4326,-13.994164535871148
ep4327,31.628153449845186
ep4328,-13.994164535871148
ep4329,-13.994164535871148
ep4330,-13.994164535871148
ep4331,35.65731125132067
ep4332,32.957730757419384
ep4333,-13.994164535871148
ep4334,-13.994164535871148
ep4335,-13.994164535871148
ep4336,-13.994164535871148
ep4337,-13.994164535871148
ep4338,34.30073813880746
ep4339,-13.994164535871148
ep4340,-13.994164535871148
ep4341,-13.994164535871148
ep4342,29.00875319619327
ep4343,-13.994164535871148
ep4344,41.22202241015
ep4345,-13.994164535871148
ep4346,32.957730757419384
ep4347,32.957730757419384
ep4348,39.80980218604849
ep4349,31.628153449845186
ep4350,31.628153449845186
ep4351,31.628153449845186
ep4352,-13.994164535871148
ep4353,-13.994164535871148
ep4354,38.41170416418801
ep4355,35.65731125132067
ep4356,-13.994164535871148
ep4357,-13.994164535871148
ep4358,-13.994164535871148
ep4359,32.957730757419384
ep4360,30.311871915346735
ep4361,-13.994164535871148
ep4362,-13.994164535871148
ep4363,-13.994164535871148
ep4364,-13.994164535871148
ep4365,35.65731125132067
ep4366,30.311871915346735
ep4367,-13.994164535871148
ep4368,29.00875319619327
ep4369,30.311871915346735
ep4370,31.628153449845186
ep4371,30.311871915346735
ep4372,-13.994164535871148
ep4373,-13.994164535871148
ep4374,-13.994164535871148
ep4375,35.65731125132067
ep4376,-13.994164535871148
ep4377,29.00875319619327
ep4378,31.628153449845186
ep4379,30.311871915346735
ep4380,41.22202241015
ep4381,30.311871915346735
ep4382,-13.994164535871148
ep4383,34.30073813880746
ep4384,-13.994164535871148
ep4385,-13.994164535871148
ep4386,-13.994164535871148
ep4387,-13.994164535871148
ep4388,31.628153449845186
ep4389,37.02758712254613
ep4390,29.00875319619327
ep4391,30.311871915346735
ep4392,29.00875319619327
ep4393,35.65731125132067
ep4394,-13.994164535871148
ep4395,-13.994164535871148
ep4396,29.00875319619327
ep4397,-13.994164535871148
ep4398,-13.994164535871148
ep4399,-13.994164535871148
ep4400,31.628153449845186
ep4401,-13.994164535871148
ep4402,29.00875319619327
ep4403,-13.994164535871148
ep4404,-13.994164535871148
ep4405,-13.994164535871148
ep4406,35.65731125132067
ep4407,41.22202241015
ep4408,32.957730757419384
ep4409,-13.994164535871148
ep4410,34.30073813880746
ep4411,32.957730757419384
ep4412,41.22202241015
ep4413,-13.994164535871148
ep4414,-13.994164535871148
ep4415,32.957730757419384
ep4416,-13.994164535871148
ep4417,30.311871915346735
ep4418,-13.994164535871148
ep4419,35.65731125132067
ep4420,38.41170416418801
ep4421,-13.994164535871148
ep4422,-13.994164535871148
ep4423,38.41170416418801
ep4424,-13.994164535871148
ep4425,30.311871915346735
ep4426,30.311871915346735
ep4427,30.311871915346735
ep4428,29.00875319619327
ep4429,-13.994164535871148
ep4430,-13.994164535871148
ep4431,34.30073813880746
ep4432,-13.994164535871148
ep4433,29.00875319619327
ep4434,31.628153449845186
ep4435,31.628153449845186
ep4436,32.957730757419384
ep4437,-13.994164535871148
ep4438,41.22202241015
ep4439,32.957730757419384
ep4440,-13.994164535871148
ep4441,-13.994164535871148
ep4442,31.628153449845186
ep4443,-13.994164535871148
ep4444,-13.994164535871148
ep4445,34.30073813880746
ep4446,-13.994164535871148
ep4447,31.628153449845186
ep4448,29.00875319619327
ep4449,-13.994164535871148
ep4450,37.02758712254613
ep4451,-13.994164535871148
ep4452,-13.994164535871148
ep4453,-13.994164535871148
ep4454,32.957730757419384
ep4455,32.957730757419384
ep4456,-13.994164535871148
ep4457,29.00875319619327
ep4458,-13.994164535871148
ep4459,30.311871915346735
ep4460,-13.994164535871148
ep4461,-13.994164535871148
ep4462,30.311871915346735
ep4463,-13.994164535871148
ep4464,-13.994164535871148
ep4465,-13.994164535871148
ep4466,-13.994164535871148
ep4467,32.957730757419384
ep4468,30.311871915346735
ep4469,30.311871915346735
ep4470,41.22202241015
ep4471,35.65731125132067
ep4472,-13.994164535871148
ep4473,38.41170416418801
ep4474,-13.994164535871148
ep4475,-13.994164535871148
ep4476,-13.994164535871148
ep4477,-13.994164535871148
ep4478,31.628153449845186
ep4479,-13.994164535871148
ep4480,34.30073813880746
ep4481,-13.994164535871148
ep4482,31.628153449845186
ep4483,-13.994164535871148
ep4484,32.957730757419384
ep4485,29.00875319619327
ep4486,-13.994164535871148
ep4487,30.311871915346735
ep4488,-13.994164535871148
ep4489,-13.994164535871148
ep4490,30.311871915346735
ep4491,-13.994164535871148
ep4492,35.65731125132067
ep4493,-13.994164535871148
ep4494,-13.994164535871148
ep4495,29.00875319619327
ep4496,29.00875319619327
ep4497,-13.994164535871148
ep4498,30.311871915346735
ep4499,-13.994164535871148
ep4500,-13.994164535871148
ep4501,30.311871915346735
ep4502,29.00875319619327
ep4503,-13.994164535871148
ep4504,31.628153449845186
ep4505,29.00875319619327
ep4506,31.628153449845186
ep4507,38.41170416418801
ep4508,-13.994164535871148
ep4509,-13.994164535871148
ep4510,30.311871915346735
ep4511,31.628153449845186
ep4512,32.957730757419384
ep4513,30.311871915346735
ep4514,-13.994164535871148
ep4515,32.957730757419384
ep4516,32.957730757419384
ep4517,-13.994164535871148
ep4518,-13.994164535871148
ep4519,34.30073813880746
ep4520,-13.994164535871148
ep4521,-13.994164535871148
ep4522,31.628153449845186
ep4523,-13.994164535871148
ep4524,34.30073813880746
ep4525,-13.994164535871148
ep4526,35.65731125132067
ep4527,34.30073813880746
ep4528,-13.994164535871148
ep4529,-13.994164535871148
ep4530,30.311871915346735
ep4531,32.957730757419384
ep4532,-13.994164535871148
ep4533,-13.994164535871148
ep4534,-13.994164535871148
ep4535,31.628153449845186
ep4536,32.957730757419384
ep4537,31.628153449845186
ep4538,-13.994164535871148
ep4539,31.628153449845186
ep4540,-13.994164535871148
ep4541,-13.994164535871148
ep4542,29.00875319619327
ep4543,30.311871915346735
ep4544,-13.994164535871148
ep4545,-13.994164535871148
ep4546,29.00875319619327
ep4547,-13.994164535871148
ep4548,-13.994164535871148
ep4549,30.311871915346735
ep4550,31.628153449845186
ep4551,29.00875319619327
ep4552,29.00875319619327
ep4553,31.628153449845186
ep4554,-13.994164535871148
ep4555,32.957730757419384
ep4556,-13.994164535871148
ep4557,29.00875319619327
ep4558,-13.994164535871148
ep4559,-13.994164535871148
ep4560,-13.994164535871148
ep4561,31.628153449845186
ep4562,29.00875319619327
ep4563,34.30073813880746
ep4564,-13.994164535871148
ep4565,-13.994164535871148
ep4566,-13.994164535871148
ep4567,-13.994164535871148
ep4568,-13.994164535871148
ep4569,-13.994164535871148
ep4570,-13.994164535871148
ep4571,29.00875319619327
ep4572,32.957730757419384
ep4573,-13.994164535871148
ep4574,30.311871915346735
ep4575,31.628153449845186
ep4576,-13.994164535871148
ep4577,29.00875319619327
ep4578,31.628153449845186
ep4579,32.957730757419384
ep4580,-13.994164535871148
ep4581,-13.994164535871148
ep4582,-13.994164535871148
ep4583,32.957730757419384
ep4584,-13.994164535871148
ep4585,-13.994164535871148
ep4586,35.65731125132067
ep4587,-13.994164535871148
ep4588,34.30073813880746
ep4589,-13.994164535871148
ep4590,29.00875319619327
ep4591,-13.994164535871148
ep4592,-13.994164535871148
ep4593,31.628153449845186
ep4594,34.30073813880746
ep4595,-13.994164535871148
ep4596,35.65731125132067
ep4597,29.00875319619327
ep4598,-13.994164535871148
ep4599,31.628153449845186
ep4600,38.41170416418801
ep4601,-13.994164535871148
ep4602,35.65731125132067
ep4603,30.311871915346735
ep4604,-13.994164535871148
ep4605,30.311871915346735
ep4606,30.311871915346735
ep4607,41.22202241015
ep4608,-13.994164535871148
ep4609,29.00875319619327
ep4610,32.957730757419384
ep4611,-13.994164535871148
ep4612,31.628153449845186
ep4613,-13.994164535871148
ep4614,29.00875319619327
ep4615,-13.994164535871148
ep4616,-13.994164535871148
ep4617,32.957730757419384
ep4618,-13.994164535871148
ep4619,-13.994164535871148
ep4620,41.22202241015
ep4621,30.311871915346735
ep4622,30.311871915346735
ep4623,-13.994164535871148
ep4624,-13.994164535871148
ep4625,-13.994164535871148
ep4626,-13.994164535871148
ep4627,29.00875319619327
ep4628,-13.994164535871148
ep4629,-13.994164535871148
ep4630,35.65731125132067
ep4631,29.00875319619327
ep4632,35.65731125132067
ep4633,29.00875319619327
ep4634,-13.994164535871148
ep4635,30.311871915346735
ep4636,31.628153449845186
ep4637,-13.994164535871148
ep4638,-13.994164535871148
ep4639,-13.994164535871148
ep4640,-13.994164535871148
ep4641,-13.994164535871148
ep4642,-13.994164535871148
ep4643,-13.994164535871148
ep4644,-13.994164535871148
ep4645,-13.994164535871148
ep4646,30.311871915346735
ep4647,30.311871915346735
ep4648,31.628153449845186
ep4649,-13.994164535871148
ep4650,-13.994164535871148
ep4651,30.311871915346735
ep4652,-13.994164535871148
ep4653,-13.994164535871148
ep4654,-13.994164535871148
ep4655,37.02758712254613
ep4656,41.22202241015
ep4657,31.628153449845186
ep4658,35.65731125132067
ep4659,-13.994164535871148
ep4660,29.00875319619327
ep4661,-13.994164535871148
ep4662,-13.994164535871148
ep4663,-13.994164535871148
ep4664,32.957730757419384
ep4665,32.957730757419384
ep4666,35.65731125132067
ep4667,31.628153449845186
ep4668,35.65731125132067
ep4669,-13.994164535871148
ep4670,32.957730757419384
ep4671,31.628153449845186
ep4672,-13.994164535871148
ep4673,-13.994164535871148
ep4674,-13.994164535871148
ep4675,38.41170416418801
ep4676,-13.994164535871148
ep4677,-13.994164535871148
ep4678,-13.994164535871148
ep4679,35.65731125132067
ep4680,30.311871915346735
ep4681,41.22202241015
ep4682,37.02758712254613
ep4683,32.957730757419384
ep4684,31.628153449845186
ep4685,-13.994164535871148
ep4686,31.628153449845186
ep4687,41.22202241015
ep4688,31.628153449845186
ep4689,-13.994164535871148
ep4690,32.957730757419384
ep4691,30.311871915346735
ep4692,-13.994164535871148
ep4693,-13.994164535871148
ep4694,31.628153449845186
ep4695,-13.994164535871148
ep4696,-13.994164535871148
ep4697,-13.994164535871148
ep4698,35.65731125132067
ep4699,-13.994164535871148
ep4700,-13.994164535871148
ep4701,-13.994164535871148
ep4702,34.30073813880746
ep4703,-13.994164535871148
ep4704,38.41170416418801
ep4705,30.311871915346735
ep4706,30.311871915346735
ep4707,31.628153449845186
ep4708,-13.994164535871148
ep4709,31.628153449845186
ep4710,-13.994164535871148
ep4711,34.30073813880746
ep4712,-13.994164535871148
ep4713,31.628153449845186
ep4714,-13.994164535871148
ep4715,-13.994164535871148
ep4716,29.00875319619327
ep4717,30.311871915346735
ep4718,-13.994164535871148
ep4719,-13.994164535871148
ep4720,41.22202241015
ep4721,32.957730757419384
ep4722,35.65731125132067
ep4723,-13.994164535871148
ep4724,31.628153449845186
ep4725,-13.994164535871148
ep4726,30.311871915346735
ep4727,31.628153449845186
ep4728,-13.994164535871148
ep4729,-13.994164535871148
ep4730,38.41170416418801
ep4731,30.311871915346735
ep4732,37.02758712254613
ep4733,-13.994164535871148
ep4734,30.311871915346735
ep4735,-13.994164535871148
ep4736,-13.994164535871148
ep4737,-13.994164535871148
ep4738,32.957730757419384
ep4739,-13.994164535871148
ep4740,-13.994164535871148
ep4741,32.957730757419384
ep4742,-13.994164535871148
ep4743,30.311871915346735
ep4744,35.65731125132067
ep4745,-13.994164535871148
ep4746,29.00875319619327
ep4747,-13.994164535871148
ep4748,-13.994164535871148
ep4749,38.41170416418801
ep4750,-13.994164535871148
ep4751,38.41170416418801
ep4752,37.02758712254613
ep4753,35.65731125132067
ep4754,30.311871915346735
ep4755,-13.994164535871148
ep4756,35.65731125132067
ep4757,29.00875319619327
ep4758,32.957730757419384
ep4759,31.628153449845186
ep4760,-13.994164535871148
ep4761,37.02758712254613
ep4762,31.628153449845186
ep4763,-13.994164535871148
ep4764,-13.994164535871148
ep4765,30.311871915346735
ep4766,-13.994164535871148
ep4767,-13.994164535871148
ep4768,-13.994164535871148
ep4769,-13.994164535871148
ep4770,35.65731125132067
ep4771,-13.994164535871148
ep4772,-13.994164535871148
ep4773,-13.994164535871148
ep4774,32.957730757419384
ep4775,-13.994164535871148
ep4776,-13.994164535871148
ep4777,31.628153449845186
ep4778,30.311871915346735
ep4779,29.00875319619327
ep4780,-13.994164535871148
ep4781,32.957730757419384
ep4782,-13.994164535871148
ep4783,30.311871915346735
ep4784,-13.994164535871148
ep4785,30.311871915346735
ep4786,34.30073813880746
ep4787,31.628153449845186
ep4788,-13.994164535871148
ep4789,31.628153449845186
ep4790,31.628153449845186
ep4791,-13.994164535871148
ep4792,-13.994164535871148
ep4793,-13.994164535871148
ep4794,35.65731125132067
ep4795,-13.994164535871148
ep4796,-13.994164535871148
ep4797,30.311871915346735
ep4798,30.311871915346735
ep4799,-13.994164535871148
ep4800,29.00875319619327
ep4801,-13.994164535871148
ep4802,-13.994164535871148
ep4803,-13.994164535871148
ep4804,31.628153449845186
ep4805,30.311871915346735
ep4806,30.311871915346735
ep4807,29.00875319619327
ep4808,-13.994164535871148
ep4809,32.957730757419384
ep4810,-13.994164535871148
ep4811,-13.994164535871148
ep4812,-13.994164535871148
ep4813,-13.994164535871148
ep4814,34.30073813880746
ep4815,41.22202241015
ep4816,34.30073813880746
ep4817,-13.994164535871148
ep4818,-13.994164535871148
ep4819,35.65731125132067
ep4820,-13.994164535871148
ep4821,30.311871915346735
ep4822,-13.994164535871148
ep4823,35.65731125132067
ep4824,38.41170416418801
ep4825,32.957730757419384
ep4826,-13.994164535871148
ep4827,-13.994164535871148
ep4828,34.30073813880746
ep4829,32.957730757419384
ep4830,30.311871915346735
ep4831,39.80980218604849
ep4832,-13.994164535871148
ep4833,-13.994164535871148
ep4834,30.311871915346735
ep4835,-13.994164535871148
ep4836,-13.994164535871148
ep4837,30.311871915346735
ep4838,-13.994164535871148
ep4839,-13.994164535871148
ep4840,41.22202241015
ep4841,-13.994164535871148
ep4842,35.65731125132067
ep4843,-13.994164535871148
ep4844,31.628153449845186
ep4845,32.957730757419384
ep4846,-13.994164535871148
ep4847,35.65731125132067
ep4848,29.00875319619327
ep4849,32.957730757419384
ep4850,35.65731125132067
ep4851,-13.994164535871148
ep4852,30.311871915346735
ep4853,30.311871915346735
ep4854,37.02758712254613
ep4855,31.628153449845186
ep4856,-13.994164535871148
ep4857,-13.994164535871148
ep4858,-13.994164535871148
ep4859,34.30073813880746
ep4860,-13.994164535871148
ep4861,-13.994164535871148
ep4862,30.311871915346735
ep4863,-13.994164535871148
ep4864,-13.994164535871148
ep4865,30.311871915346735
ep4866,-13.994164535871148
ep4867,35.65731125132067
ep4868,-13.994164535871148
ep4869,29.00875319619327
ep4870,-13.994164535871148
ep4871,-13.994164535871148
ep4872,31.628153449845186
ep4873,-13.994164535871148
ep4874,-13.994164535871148
ep4875,29.00875319619327
ep4876,29.00875319619327
ep4877,-13.994164535871148
ep4878,-13.994164535871148
ep4879,30.311871915346735
ep4880,38.41170416418801
ep4881,32.957730757419384
ep4882,-13.994164535871148
ep4883,34.30073813880746
ep4884,32.957730757419384
ep4885,-13.994164535871148
ep4886,30.311871915346735
ep4887,38.41170416418801
ep4888,30.311871915346735
ep4889,29.00875319619327
ep4890,32.957730757419384
ep4891,29.00875319619327
ep4892,-13.994164535871148
ep4893,35.65731125132067
ep4894,-13.994164535871148
ep4895,34.30073813880746
ep4896,-13.994164535871148
ep4897,38.41170416418801
ep4898,-13.994164535871148
ep4899,35.65731125132067
ep4900,-13.994164535871148
ep4901,-13.994164535871148
ep4902,30.311871915346735
ep4903,31.628153449845186
ep4904,-13.994164535871148
ep4905,-13.994164535871148
ep4906,29.00875319619327
ep4907,-13.994164535871148
ep4908,30.311871915346735
ep4909,-13.994164535871148
ep4910,29.00875319619327
ep4911,34.30073813880746
ep4912,30.311871915346735
ep4913,-13.994164535871148
ep4914,29.00875319619327
ep4915,-13.994164535871148
ep4916,-13.994164535871148
ep4917,30.311871915346735
ep4918,-13.994164535871148
ep4919,29.00875319619327
ep4920,-13.994164535871148
ep4921,-13.994164535871148
ep4922,29.00875319619327
ep4923,-13.994164535871148
ep4924,32.957730757419384
ep4925,-13.994164535871148
ep4926,29.00875319619327
ep4927,-13.994164535871148
ep4928,29.00875319619327
ep4929,-13.994164535871148
ep4930,34.30073813880746
ep4931,30.311871915346735
ep4932,-13.994164535871148
ep4933,30.311871915346735
ep4934,35.65731125132067
ep4935,29.00875319619327
ep4936,-13.994164535871148
ep4937,32.957730757419384
ep4938,-13.994164535871148
ep4939,-13.994164535871148
ep4940,-13.994164535871148
ep4941,29.00875319619327
ep4942,32.957730757419384
ep4943,31.628153449845186
ep4944,-13.994164535871148
ep4945,34.30073813880746
ep4946,-13.994164535871148
ep4947,30.311871915346735
ep4948,32.957730757419384
ep4949,29.00875319619327
ep4950,35.65731125132067
ep4951,30.311871915346735
ep4952,32.957730757419384
ep4953,-13.994164535871148
ep4954,31.628153449845186
ep4955,29.00875319619327
ep4956,32.957730757419384
ep4957,-13.994164535871148
ep4958,41.22202241015
ep4959,-13.994164535871148
ep4960,-13.994164535871148
ep4961,-13.994164535871148
ep4962,-13.994164535871148
ep4963,37.02758712254613
ep4964,-13.994164535871148
ep4965,29.00875319619327
ep4966,-13.994164535871148
ep4967,32.957730757419384
ep4968,-13.994164535871148
ep4969,-13.994164535871148
ep4970,-13.994164535871148
ep4971,32.957730757419384
ep4972,-13.994164535871148
ep4973,31.628153449845186
ep4974,29.00875319619327
ep4975,-13.994164535871148
ep4976,30.311871915346735
ep4977,32.957730757419384
ep4978,39.80980218604849
ep4979,-13.994164535871148
ep4980,29.00875319619327
ep4981,38.41170416418801
ep4982,-13.994164535871148
ep4983,31.628153449845186
ep4984,31.628153449845186
ep4985,35.65731125132067
ep4986,-13.994164535871148
ep4987,-13.994164535871148
ep4988,30.311871915346735
ep4989,30.311871915346735
ep4990,-13.994164535871148
ep4991,-13.994164535871148
ep4992,32.957730757419384
ep4993,-13.994164535871148
ep4994,-13.994164535871148
ep4995,35.65731125132067
ep4996,34.30073813880746
ep4997,30.311871915346735
ep4998,-13.994164535871148
ep4999,31.628153449845186
ep5000,35.65731125132067
ep5001,-13.994164535871148
ep5002,39.80980218604849
ep5003,32.957730757419384
ep5004,-13.994164535871148
ep5005,37.02758712254613
ep5006,32.957730757419384
ep5007,32.957730757419384
ep5008,-13.994164535871148
ep5009,29.00875319619327
ep5010,-13.994164535871148
ep5011,32.957730757419384
ep5012,-13.994164535871148
ep5013,-13.994164535871148
ep5014,-13.994164535871148
ep5015,41.22202241015
ep5016,-13.994164535871148
ep5017,-13.994164535871148
ep5018,37.02758712254613
ep5019,29.00875319619327
ep5020,-13.994164535871148
ep5021,30.311871915346735
ep5022,-13.994164535871148
ep5023,-13.994164535871148
ep5024,-13.994164535871148
ep5025,-13.994164535871148
ep5026,-13.994164535871148
ep5027,38.41170416418801
ep5028,34.30073813880746
ep5029,-13.994164535871148
ep5030,-13.994164535871148
ep5031,-13.994164535871148
ep5032,30.311871915346735
ep5033,31.628153449845186
ep5034,-13.994164535871148
ep5035,35.65731125132067
ep5036,-13.994164535871148
ep5037,-13.994164535871148
ep5038,31.628153449845186
ep5039,32.957730757419384
ep5040,-13.994164535871148
ep5041,39.80980218604849
ep5042,-13.994164535871148
ep5043,35.65731125132067
ep5044,-13.994164535871148
ep5045,30.311871915346735
ep5046,38.41170416418801
ep5047,29.00875319619327
ep5048,30.311871915346735
ep5049,-13.994164535871148
ep5050,32.957730757419384
ep5051,-13.994164535871148
ep5052,-13.994164535871148
ep5053,-13.994164535871148
ep5054,-13.994164535871148
ep5055,30.311871915346735
ep5056,-13.994164535871148
ep5057,30.311871915346735
ep5058,32.957730757419384
ep5059,-13.994164535871148
ep5060,-13.994164535871148
ep5061,-13.994164535871148
ep5062,-13.994164535871148
ep5063,32.957730757419384
ep5064,35.65731125132067
ep5065,30.311871915346735
ep5066,-13.994164535871148
ep5067,30.311871915346735
ep5068,34.30073813880746
ep5069,-13.994164535871148
ep5070,-13.994164535871148
ep5071,32.957730757419384
ep5072,-13.994164535871148
ep5073,-13.994164535871148
ep5074,-13.994164535871148
ep5075,-13.994164535871148
ep5076,31.628153449845186
ep5077,-13.994164535871148
ep5078,-13.994164535871148
ep5079,-13.994164535871148
ep5080,38.41170416418801
ep5081,-13.994164535871148
ep5082,37.02758712254613
ep5083,-13.994164535871148
ep5084,34.30073813880746
ep5085,34.30073813880746
ep5086,-13.994164535871148
ep5087,37.02758712254613
ep5088,31.628153449845186
ep5089,29.00875319619327
ep5090,31.628153449845186
ep5091,-13.994164535871148
ep5092,-13.994164535871148
ep5093,-13.994164535871148
ep5094,29.00875319619327
ep5095,34.30073813880746
ep5096,-13.994164535871148
ep5097,32.957730757419384
ep5098,-13.994164535871148
ep5099,35.65731125132067
ep5100,-13.994164535871148
ep5101,-13.994164535871148
ep5102,-13.994164535871148
ep5103,38.41170416418801
ep5104,-13.994164535871148
ep5105,30.311871915346735
ep5106,-13.994164535871148
ep5107,-13.994164535871148
ep5108,-13.994164535871148
ep5109,-13.994164535871148
ep5110,37.02758712254613
ep5111,-13.994164535871148
ep5112,-13.994164535871148
ep5113,30.311871915346735
ep5114,-13.994164535871148
ep5115,35.65731125132067
ep5116,-13.994164535871148
ep5117,31.628153449845186
ep5118,-13.994164535871148
ep5119,41.22202241015
ep5120,-13.994164535871148
ep5121,-13.994164535871148
ep5122,30.311871915346735
ep5123,32.957730757419384
ep5124,-13.994164535871148
ep5125,-13.994164535871148
ep5126,29.00875319619327
ep5127,-13.994164535871148
ep5128,30.311871915346735
ep5129,29.00875319619327
ep5130,31.628153449845186
ep5131,30.311871915346735
ep5132,-13.994164535871148
ep5133,39.80980218604849
ep5134,-13.994164535871148
ep5135,30.311871915346735
ep5136,31.628153449845186
ep5137,30.311871915346735
ep5138,-13.994164535871148
ep5139,-13.994164535871148
ep5140,32.957730757419384
ep5141,35.65731125132067
ep5142,35.65731125132067
ep5143,29.00875319619327
ep5144,-13.994164535871148
ep5145,-13.994164535871148
ep5146,-13.994164535871148
ep5147,39.80980218604849
ep5148,35.65731125132067
ep5149,-13.994164535871148
ep5150,31.628153449845186
ep5151,29.00875319619327
ep5152,32.957730757419384
ep5153,35.65731125132067
ep5154,-13.994164535871148
ep5155,32.957730757419384
ep5156,34.30073813880746
ep5157,37.02758712254613
ep5158,-13.994164535871148
ep5159,39.80980218604849
ep5160,30.311871915346735
ep5161,29.00875319619327
ep5162,-13.994164535871148
ep5163,30.311871915346735
ep5164,32.957730757419384
ep5165,-13.994164535871148
ep5166,-13.994164535871148
ep5167,35.65731125132067
ep5168,31.628153449845186
ep5169,-13.994164535871148
ep5170,39.80980218604849
ep5171,-13.994164535871148
ep5172,32.957730757419384
ep5173,32.957730757419384
ep5174,29.00875319619327
ep5175,37.02758712254613
ep5176,-13.994164535871148
ep5177,30.311871915346735
ep5178,38.41170416418801
ep5179,32.957730757419384
ep5180,32.957730757419384
ep5181,34.30073813880746
ep5182,30.311871915346735
ep5183,31.628153449845186
ep5184,-13.994164535871148
ep5185,-13.994164535871148
ep5186,29.00875319619327
ep5187,-13.994164535871148
ep5188,-13.994164535871148
ep5189,-13.994164535871148
ep5190,-13.994164535871148
ep5191,-13.994164535871148
ep5192,30.311871915346735
ep5193,-13.994164535871148
ep5194,29.00875319619327
ep5195,29.00875319619327
ep5196,35.65731125132067
ep5197,-13.994164535871148
ep5198,-13.994164535871148
ep5199,37.02758712254613
ep5200,-13.994164535871148
ep5201,37.02758712254613
ep5202,29.00875319619327
ep5203,29.00875319619327
ep5204,32.957730757419384
ep5205,35.65731125132067
ep5206,30.311871915346735
ep5207,-13.994164535871148
ep5208,-13.994164535871148
ep5209,32.957730757419384
ep5210,-13.994164535871148
ep5211,-13.994164535871148
ep5212,34.30073813880746
ep5213,32.957730757419384
ep5214,-13.994164535871148
ep5215,-13.994164535871148
ep5216,29.00875319619327
ep5217,29.00875319619327
ep5218,31.628153449845186
ep5219,34.30073813880746
ep5220,32.957730757419384
ep5221,-13.994164535871148
ep5222,32.957730757419384
ep5223,34.30073813880746
ep5224,30.311871915346735
ep5225,-13.994164535871148
ep5226,38.41170416418801
ep5227,-13.994164535871148
ep5228,30.311871915346735
ep5229,35.65731125132067
ep5230,-13.994164535871148
ep5231,-13.994164535871148
ep5232,-13.994164535871148
ep5233,-13.994164535871148
ep5234,-13.994164535871148
ep5235,-13.994164535871148
ep5236,-13.994164535871148
ep5237,-13.994164535871148
ep5238,32.957730757419384
ep5239,38.41170416418801
ep5240,39.80980218604849
ep5241,-13.994164535871148
ep5242,32.957730757419384
ep5243,37.02758712254613
ep5244,35.65731125132067
ep5245,-13.994164535871148
ep5246,-13.994164535871148
ep5247,30.311871915346735
ep5248,35.65731125132067
ep5249,35.65731125132067
ep5250,-13.994164535871148
ep5251,-13.994164535871148
ep5252,32.957730757419384
ep5253,30.311871915346735
ep5254,37.02758712254613
ep5255,-13.994164535871148
ep5256,-13.994164535871148
ep5257,-13.994164535871148
ep5258,-13.994164535871148
ep5259,-13.994164535871148
ep5260,35.65731125132067
ep5261,-13.994164535871148
ep5262,-13.994164535871148
ep5263,-13.994164535871148
ep5264,37.02758712254613
ep5265,-13.994164535871148
ep5266,-13.994164535871148
ep5267,-13.994164535871148
ep5268,-13.994164535871148
ep5269,-13.994164535871148
ep5270,30.311871915346735
ep5271,32.957730757419384
ep5272,29.00875319619327
ep5273,-13.994164535871148
ep5274,-13.994164535871148
ep5275,-13.994164535871148
ep5276,-13.994164535871148
ep5277,-13.994164535871148
ep5278,31.628153449845186
ep5279,-13.994164535871148
ep5280,31.628153449845186
ep5281,-13.994164535871148
ep5282,-13.994164535871148
ep5283,41.22202241015
ep5284,-13.994164535871148
ep5285,31.628153449845186
ep5286,-13.994164535871148
ep5287,41.22202241015
ep5288,-13.994164535871148
ep5289,-13.994164535871148
ep5290,31.628153449845186
ep5291,38.41170416418801
ep5292,-13.994164535871148
ep5293,-13.994164535871148
ep5294,32.957730757419384
ep5295,-13.994164535871148
ep5296,-13.994164535871148
ep5297,34.30073813880746
ep5298,34.30073813880746
ep5299,31.628153449845186
ep5300,32.957730757419384
ep5301,-13.994164535871148
ep5302,34.30073813880746
ep5303,34.30073813880746
ep5304,34.30073813880746
ep5305,34.30073813880746
ep5306,30.311871915346735
ep5307,38.41170416418801
ep5308,31.628153449845186
ep5309,-13.994164535871148
ep5310,32.957730757419384
ep5311,39.80980218604849
ep5312,32.957730757419384
ep5313,41.22202241015
ep5314,-13.994164535871148
ep5315,-13.994164535871148
ep5316,38.41170416418801
ep5317,-13.994164535871148
ep5318,32.957730757419384
ep5319,30.311871915346735
ep5320,-13.994164535871148
ep5321,31.628153449845186
ep5322,32.957730757419384
ep5323,-13.994164535871148
ep5324,-13.994164535871148
ep5325,-13.994164535871148
ep5326,-13.994164535871148
ep5327,34.30073813880746
ep5328,38.41170416418801
ep5329,34.30073813880746
ep5330,31.628153449845186
ep5331,41.22202241015
ep5332,29.00875319619327
ep5333,-13.994164535871148
ep5334,-13.994164535871148
ep5335,-13.994164535871148
ep5336,31.628153449845186
ep5337,-13.994164535871148
ep5338,-13.994164535871148
ep5339,-13.994164535871148
ep5340,31.628153449845186
ep5341,-13.994164535871148
ep5342,30.311871915346735
ep5343,-13.994164535871148
ep5344,-13.994164535871148
ep5345,38.41170416418801
ep5346,-13.994164535871148
ep5347,-13.994164535871148
ep5348,31.628153449845186
ep5349,-13.994164535871148
ep5350,-13.994164535871148
ep5351,-13.994164535871148
ep5352,-13.994164535871148
ep5353,35.65731125132067
ep5354,34.30073813880746
ep5355,38.41170416418801
ep5356,-13.994164535871148
ep5357,30.311871915346735
ep5358,30.311871915346735
ep5359,35.65731125132067
ep5360,35.65731125132067
ep5361,37.02758712254613
ep5362,41.22202241015
ep5363,-13.994164535871148
ep5364,29.00875319619327
ep5365,34.30073813880746
ep5366,-13.994164535871148
ep5367,-13.994164535871148
ep5368,31.628153449845186
ep5369,30.311871915346735
ep5370,-13.994164535871148
ep5371,30.311871915346735
ep5372,38.41170416418801
ep5373,41.22202241015
ep5374,-13.994164535871148
ep5375,-13.994164535871148
ep5376,31.628153449845186
ep5377,31.628153449845186
ep5378,32.957730757419384
ep5379,30.311871915346735
ep5380,-13.994164535871148
ep5381,37.02758712254613
ep5382,32.957730757419384
ep5383,-13.994164535871148
ep5384,34.30073813880746
ep5385,30.311871915346735
ep5386,29.00875319619327
ep5387,-13.994164535871148
ep5388,-13.994164535871148
ep5389,-13.994164535871148
ep5390,41.22202241015
ep5391,-13.994164535871148
ep5392,29.00875319619327
ep5393,37.02758712254613
ep5394,-13.994164535871148
ep5395,34.30073813880746
ep5396,-13.994164535871148
ep5397,-13.994164535871148
ep5398,32.957730757419384
ep5399,35.65731125132067
ep5400,-13.994164535871148
ep5401,41.22202241015
ep5402,30.311871915346735
ep5403,-13.994164535871148
ep5404,29.00875319619327
ep5405,-13.994164535871148
ep5406,30.311871915346735
ep5407,-13.994164535871148
ep5408,-13.994164535871148
ep5409,30.311871915346735
ep5410,38.41170416418801
ep5411,29.00875319619327
ep5412,32.957730757419384
ep5413,30.311871915346735
ep5414,-13.994164535871148
ep5415,-13.994164535871148
ep5416,-13.994164535871148
ep5417,41.22202241015
ep5418,35.65731125132067
ep5419,34.30073813880746
ep5420,41.22202241015
ep5421,34.30073813880746
ep5422,-13.994164535871148
ep5423,-13.994164535871148
ep5424,-13.994164535871148
ep5425,31.628153449845186
ep5426,34.30073813880746
ep5427,38.41170416418801
ep5428,-13.994164535871148
ep5429,-13.994164535871148
ep5430,29.00875319619327
ep5431,30.311871915346735
ep5432,32.957730757419384
ep5433,-13.994164535871148
ep5434,38.41170416418801
ep5435,31.628153449845186
ep5436,-13.994164535871148
ep5437,30.311871915346735
ep5438,30.311871915346735
ep5439,41.22202241015
ep5440,29.00875319619327
ep5441,-13.994164535871148
ep5442,32.957730757419384
ep5443,31.628153449845186
ep5444,30.311871915346735
ep5445,35.65731125132067
ep5446,37.02758712254613
ep5447,-13.994164535871148
ep5448,-13.994164535871148
ep5449,38.41170416418801
ep5450,37.02758712254613
ep5451,-13.994164535871148
ep5452,32.957730757419384
ep5453,-13.994164535871148
ep5454,31.628153449845186
ep5455,30.311871915346735
ep5456,-13.994164535871148
ep5457,30.311871915346735
ep5458,29.00875319619327
ep5459,31.628153449845186
ep5460,39.80980218604849
ep5461,32.957730757419384
ep5462,35.65731125132067
ep5463,35.65731125132067
ep5464,-13.994164535871148
ep5465,-13.994164535871148
ep5466,-13.994164535871148
ep5467,30.311871915346735
ep5468,37.02758712254613
ep5469,-13.994164535871148
ep5470,-13.994164535871148
ep5471,31.628153449845186
ep5472,31.628153449845186
ep5473,35.65731125132067
ep5474,-13.994164535871148
ep5475,-13.994164535871148
ep5476,29.00875319619327
ep5477,-13.994164535871148
ep5478,32.957730757419384
ep5479,-13.994164535871148
ep5480,-13.994164535871148
ep5481,-13.994164535871148
ep5482,32.957730757419384
ep5483,31.628153449845186
ep5484,-13.994164535871148
ep5485,-13.994164535871148
ep5486,39.80980218604849
ep5487,31.628153449845186
ep5488,30.311871915346735
ep5489,38.41170416418801
ep5490,-13.994164535871148
ep5491,-13.994164535871148
ep5492,30.311871915346735
ep5493,-13.994164535871148
ep5494,-13.994164535871148
ep5495,29.00875319619327
ep5496,-13.994164535871148
ep5497,32.957730757419384
ep5498,34.30073813880746
ep5499,-13.994164535871148
ep5500,31.628153449845186
ep5501,-13.994164535871148
ep5502,34.30073813880746
ep5503,-13.994164535871148
ep5504,-13.994164535871148
ep5505,29.00875319619327
ep5506,32.957730757419384
ep5507,-13.994164535871148
ep5508,-13.994164535871148
ep5509,31.628153449845186
ep5510,32.957730757419384
ep5511,32.957730757419384
ep5512,35.65731125132067
ep5513,-13.994164535871148
ep5514,-13.994164535871148
ep5515,-13.994164535871148
ep5516,29.00875319619327
ep5517,35.65731125132067
ep5518,-13.994164535871148
ep5519,31.628153449845186
ep5520,35.65731125132067
ep5521,32.957730757419384
ep5522,-13.994164535871148
ep5523,29.00875319619327
ep5524,32.957730757419384
ep5525,32.957730757419384
ep5526,31.628153449845186
ep5527,31.628153449845186
ep5528,31.628153449845186
ep5529,34.30073813880746
ep5530,32.957730757419384
ep5531,30.311871915346735
ep5532,29.00875319619327
ep5533,30.311871915346735
ep5534,31.628153449845186
ep5535,-13.994164535871148
ep5536,-13.994164535871148
ep5537,-13.994164535871148
ep5538,-13.994164535871148
ep5539,35.65731125132067
ep5540,-13.994164535871148
ep5541,29.00875319619327
ep5542,-13.994164535871148
ep5543,-13.994164535871148
ep5544,-13.994164535871148
ep5545,37.02758712254613
ep5546,-13.994164535871148
ep5547,31.628153449845186
ep5548,37.02758712254613
ep5549,-13.994164535871148
ep5550,-13.994164535871148
ep5551,35.65731125132067
ep5552,41.22202241015
ep5553,31.628153449845186
ep5554,35.65731125132067
ep5555,32.957730757419384
ep5556,-13.994164535871148
ep5557,-13.994164535871148
ep5558,32.957730757419384
ep5559,41.22202241015
ep5560,34.30073813880746
ep5561,34.30073813880746
ep5562,38.41170416418801
ep5563,30.311871915346735
ep5564,-13.994164535871148
ep5565,-13.994164535871148
ep5566,30.311871915346735
ep5567,-13.994164535871148
ep5568,30.311871915346735
ep5569,-13.994164535871148
ep5570,37.02758712254613
ep5571,30.311871915346735
ep5572,32.957730757419384
ep5573,32.957730757419384
ep5574,37.02758712254613
ep5575,30.311871915346735
ep5576,-13.994164535871148
ep5577,-13.994164535871148
ep5578,32.957730757419384
ep5579,37.02758712254613
ep5580,-13.994164535871148
ep5581,-13.994164535871148
ep5582,-13.994164535871148
ep5583,32.957730757419384
ep5584,-13.994164535871148
ep5585,-13.994164535871148
ep5586,31.628153449845186
ep5587,31.628153449845186
ep5588,31.628153449845186
ep5589,-13.994164535871148
ep5590,-13.994164535871148
ep5591,38.41170416418801
ep5592,38.41170416418801
ep5593,32.957730757419384
ep5594,-13.994164535871148
ep5595,-13.994164535871148
ep5596,-13.994164535871148
ep5597,31.628153449845186
ep5598,34.30073813880746
ep5599,-13.994164535871148
ep5600,-13.994164535871148
ep5601,-13.994164535871148
ep5602,-13.994164535871148
ep5603,-13.994164535871148
ep5604,30.311871915346735
ep5605,-13.994164535871148
ep5606,-13.994164535871148
ep5607,30.311871915346735
ep5608,34.30073813880746
ep5609,-13.994164535871148
ep5610,35.65731125132067
ep5611,31.628153449845186
ep5612,-13.994164535871148
ep5613,-13.994164535871148
ep5614,29.00875319619327
ep5615,31.628153449845186
ep5616,-13.994164535871148
ep5617,37.02758712254613
ep5618,41.22202241015
ep5619,-13.994164535871148
ep5620,41.22202241015
ep5621,-13.994164535871148
ep5622,34.30073813880746
ep5623,-13.994164535871148
ep5624,-13.994164535871148
ep5625,35.65731125132067
ep5626,31.628153449845186
ep5627,-13.994164535871148
ep5628,30.311871915346735
ep5629,-13.994164535871148
ep5630,31.628153449845186
ep5631,29.00875319619327
ep5632,-13.994164535871148
ep5633,37.02758712254613
ep5634,30.311871915346735
ep5635,35.65731125132067
ep5636,31.628153449845186
ep5637,29.00875319619327
ep5638,30.311871915346735
ep5639,-13.994164535871148
ep5640,-13.994164535871148
ep5641,-13.994164535871148
ep5642,32.957730757419384
ep5643,30.311871915346735
ep5644,-13.994164535871148
ep5645,32.957730757419384
ep5646,32.957730757419384
ep5647,-13.994164535871148
ep5648,-13.994164535871148
ep5649,-13.994164535871148
ep5650,-13.994164535871148
ep5651,29.00875319619327
ep5652,-13.994164535871148
ep5653,-13.994164535871148
ep5654,30.311871915346735
ep5655,32.957730757419384
ep5656,-13.994164535871148
ep5657,34.30073813880746
ep5658,-13.994164535871148
ep5659,-13.994164535871148
ep5660,-13.994164535871148
ep5661,-13.994164535871148
ep5662,31.628153449845186
ep5663,-13.994164535871148
ep5664,34.30073813880746
ep5665,31.628153449845186
ep5666,-13.994164535871148
ep5667,32.957730757419384
ep5668,-13.994164535871148
ep5669,29.00875319619327
ep5670,30.311871915346735
ep5671,37.02758712254613
ep5672,-13.994164535871148
ep5673,-13.994164535871148
ep5674,37.02758712254613
ep5675,29.00875319619327
ep5676,-13.994164535871148
ep5677,32.957730757419384
ep5678,-13.994164535871148
ep5679,-13.994164535871148
ep5680,35.65731125132067
ep5681,29.00875319619327
ep5682,34.30073813880746
ep5683,-13.994164535871148
ep5684,29.00875319619327
ep5685,-13.994164535871148
ep5686,29.00875319619327
ep5687,-13.994164535871148
ep5688,30.311871915346735
ep5689,32.957730757419384
ep5690,-13.994164535871148
ep5691,31.628153449845186
ep5692,-13.994164535871148
ep5693,29.00875319619327
ep5694,-13.994164535871148
ep5695,-13.994164535871148
ep5696,30.311871915346735
ep5697,30.311871915346735
ep5698,30.311871915346735
ep5699,34.30073813880746
ep5700,-13.994164535871148
ep5701,41.22202241015
ep5702,38.41170416418801
ep5703,-13.994164535871148
ep5704,32.957730757419384
ep5705,-13.994164535871148
ep5706,-13.994164535871148
ep5707,41.22202241015
ep5708,29.00875319619327
ep5709,30.311871915346735
ep5710,-13.994164535871148
ep5711,29.00875319619327
ep5712,41.22202241015
ep5713,-13.994164535871148
ep5714,-13.994164535871148
ep5715,-13.994164535871148
ep5716,-13.994164535871148
ep5717,-13.994164535871148
ep5718,30.311871915346735
ep5719,32.957730757419384
ep5720,-13.994164535871148
ep5721,30.311871915346735
ep5722,35.65731125132067
ep5723,-13.994164535871148
ep5724,29.00875319619327
ep5725,-13.994164535871148
ep5726,-13.994164535871148
ep5727,-13.994164535871148
ep5728,39.80980218604849
ep5729,30.311871915346735
ep5730,-13.994164535871148
ep5731,-13.994164535871148
ep5732,35.65731125132067
ep5733,32.957730757419384
ep5734,-13.994164535871148
ep5735,-13.994164535871148
ep5736,-13.994164535871148
ep5737,37.02758712254613
ep5738,-13.994164535871148
ep5739,34.30073813880746
ep5740,34.30073813880746
ep5741,-13.994164535871148
ep5742,-13.994164535871148
ep5743,32.957730757419384
ep5744,-13.994164535871148
ep5745,29.00875319619327
ep5746,35.65731125132067
ep5747,-13.994164535871148
ep5748,30.311871915346735
ep5749,32.957730757419384
ep5750,-13.994164535871148
ep5751,31.628153449845186
ep5752,-13.994164535871148
ep5753,31.628153449845186
ep5754,38.41170416418801
ep5755,30.311871915346735
ep5756,32.957730757419384
ep5757,-13.994164535871148
ep5758,32.957730757419384
ep5759,-13.994164535871148
ep5760,30.311871915346735
ep5761,41.22202241015
ep5762,35.65731125132067
ep5763,-13.994164535871148
ep5764,30.311871915346735
ep5765,-13.994164535871148
ep5766,32.957730757419384
ep5767,32.957730757419384
ep5768,38.41170416418801
ep5769,-13.994164535871148
ep5770,-13.994164535871148
ep5771,-13.994164535871148
ep5772,35.65731125132067
ep5773,35.65731125132067
ep5774,-13.994164535871148
ep5775,29.00875319619327
ep5776,-13.994164535871148
ep5777,30.311871915346735
ep5778,29.00875319619327
ep5779,35.65731125132067
ep5780,-13.994164535871148
ep5781,-13.994164535871148
ep5782,-13.994164535871148
ep5783,32.957730757419384
ep5784,34.30073813880746
ep5785,-13.994164535871148
ep5786,-13.994164535871148
ep5787,31.628153449845186
ep5788,31.628153449845186
ep5789,-13.994164535871148
ep5790,-13.994164535871148
ep5791,-13.994164535871148
ep5792,-13.994164535871148
ep5793,-13.994164535871148
ep5794,30.311871915346735
ep5795,-13.994164535871148
ep5796,-13.994164535871148
ep5797,-13.994164535871148
ep5798,29.00875319619327
ep5799,37.02758712254613
ep5800,-13.994164535871148
ep5801,34.30073813880746
ep5802,35.65731125132067
ep5803,30.311871915346735
ep5804,-13.994164535871148
ep5805,38.41170416418801
ep5806,-13.994164535871148
ep5807,30.311871915346735
ep5808,32.957730757419384
ep5809,-13.994164535871148
ep5810,30.311871915346735
ep5811,-13.994164535871148
ep5812,41.22202241015
ep5813,30.311871915346735
ep5814,35.65731125132067
ep5815,-13.994164535871148
ep5816,35.65731125132067
ep5817,31.628153449845186
ep5818,34.30073813880746
ep5819,-13.994164535871148
ep5820,-13.994164535871148
ep5821,30.311871915346735
ep5822,-13.994164535871148
ep5823,-13.994164535871148
ep5824,32.957730757419384
ep5825,29.00875319619327
ep5826,34.30073813880746
ep5827,38.41170416418801
ep5828,-13.994164535871148
ep5829,41.22202241015
ep5830,35.65731125132067
ep5831,-13.994164535871148
ep5832,39.80980218604849
ep5833,-13.994164535871148
ep5834,30.311871915346735
ep5835,-13.994164535871148
ep5836,-13.994164535871148
ep5837,-13.994164535871148
ep5838,41.22202241015
ep5839,-13.994164535871148
ep5840,31.628153449845186
ep5841,-13.994164535871148
ep5842,30.311871915346735
ep5843,29.00875319619327
ep5844,29.00875319619327
ep5845,38.41170416418801
ep5846,-13.994164535871148
ep5847,-13.994164535871148
ep5848,37.02758712254613
ep5849,-13.994164535871148
ep5850,-13.994164535871148
ep5851,-13.994164535871148
ep5852,31.628153449845186
ep5853,31.628153449845186
ep5854,-13.994164535871148
ep5855,-13.994164535871148
ep5856,-13.994164535871148
ep5857,-13.994164535871148
ep5858,-13.994164535871148
ep5859,-13.994164535871148
ep5860,31.628153449845186
ep5861,-13.994164535871148
ep5862,-13.994164535871148
ep5863,-13.994164535871148
ep5864,30.311871915346735
ep5865,35.65731125132067
ep5866,30.311871915346735
ep5867,29.00875319619327
ep5868,34.30073813880746
ep5869,31.628153449845186
ep5870,-13.994164535871148
ep5871,-13.994164535871148
ep5872,29.00875319619327
ep5873,31.628153449845186
ep5874,32.957730757419384
ep5875,-13.994164535871148
ep5876,35.65731125132067
ep5877,-13.994164535871148
ep5878,-13.994164535871148
ep5879,-13.994164535871148
ep5880,-13.994164535871148
ep5881,30.311871915346735
ep5882,29.00875319619327
ep5883,32.957730757419384
ep5884,-13.994164535871148
ep5885,30.311871915346735
ep5886,34.30073813880746
ep5887,35.65731125132067
ep5888,37.02758712254613
ep5889,30.311871915346735
ep5890,35.65731125132067
ep5891,30.311871915346735
ep5892,-13.994164535871148
ep5893,31.628153449845186
ep5894,-13.994164535871148
ep5895,-13.994164535871148
ep5896,37.02758712254613
ep5897,29.00875319619327
ep5898,34.30073813880746
ep5899,-13.994164535871148
ep5900,-13.994164535871148
ep5901,30.311871915346735
ep5902,34.30073813880746
ep5903,-13.994164535871148
ep5904,29.00875319619327
ep5905,-13.994164535871148
ep5906,-13.994164535871148
ep5907,30.311871915346735
ep5908,37.02758712254613
ep5909,-13.994164535871148
ep5910,38.41170416418801
ep5911,-13.994164535871148
ep5912,39.80980218604849
ep5913,-13.994164535871148
ep5914,-13.994164535871148
ep5915,34.30073813880746
ep5916,35.65731125132067
ep5917,-13.994164535871148
ep5918,-13.994164535871148
ep5919,-13.994164535871148
ep5920,31.628153449845186
ep5921,-13.994164535871148
ep5922,30.311871915346735
ep5923,-13.994164535871148
ep5924,-13.994164535871148
ep5925,35.65731125132067
ep5926,-13.994164535871148
ep5927,37.02758712254613
ep5928,37.02758712254613
ep5929,38.41170416418801
ep5930,31.628153449845186
ep5931,32.957730757419384
ep5932,-13.994164535871148
ep5933,35.65731125132067
ep5934,41.22202241015
ep5935,29.00875319619327
ep5936,29.00875319619327
ep5937,-13.994164535871148
ep5938,32.957730757419384
ep5939,30.311871915346735
ep5940,35.65731125132067
ep5941,-13.994164535871148
ep5942,29.00875319619327
ep5943,34.30073813880746
ep5944,-13.994164535871148
ep5945,-13.994164535871148
ep5946,34.30073813880746
ep5947,-13.994164535871148
ep5948,30.311871915346735
ep5949,34.30073813880746
ep5950,29.00875319619327
ep5951,30.311871915346735
ep5952,30.311871915346735
ep5953,-13.994164535871148
ep5954,31.628153449845186
ep5955,41.22202241015
ep5956,-13.994164535871148
ep5957,35.65731125132067
ep5958,30.311871915346735
ep5959,-13.994164535871148
ep5960,-13.994164535871148
ep5961,-13.994164535871148
ep5962,29.00875319619327
ep5963,-13.994164535871148
ep5964,29.00875319619327
ep5965,35.65731125132067
ep5966,-13.994164535871148
ep5967,34.30073813880746
ep5968,-13.994164535871148
ep5969,-13.994164535871148
ep5970,-13.994164535871148
ep5971,-13.994164535871148
ep5972,-13.994164535871148
ep5973,-13.994164535871148
ep5974,29.00875319619327
ep5975,37.02758712254613
ep5976,32.957730757419384
ep5977,-13.994164535871148
ep5978,31.628153449845186
ep5979,-13.994164535871148
ep5980,31.628153449845186
ep5981,-13.994164535871148
ep5982,-13.994164535871148
ep5983,32.957730757419384
ep5984,31.628153449845186
ep5985,-13.994164535871148
ep5986,34.30073813880746
ep5987,-13.994164535871148
ep5988,-13.994164535871148
ep5989,-13.994164535871148
ep5990,29.00875319619327
ep5991,38.41170416418801
ep5992,30.311871915346735
ep5993,37.02758712254613
ep5994,30.311871915346735
ep5995,39.80980218604849
ep5996,35.65731125132067
ep5997,-13.994164535871148
ep5998,34.30073813880746
ep5999,-13.994164535871148
ep6000,-13.994164535871148
ep6001,30.311871915346735
ep6002,-13.994164535871148
ep6003,41.22202241015
ep6004,30.311871915346735
ep6005,31.628153449845186
ep6006,35.65731125132067
ep6007,-13.994164535871148
ep6008,30.311871915346735
ep6009,-13.994164535871148
ep6010,30.311871915346735
ep6011,30.311871915346735
ep6012,-13.994164535871148
ep6013,31.628153449845186
ep6014,-13.994164535871148
ep6015,30.311871915346735
ep6016,30.311871915346735
ep6017,-13.994164535871148
ep6018,38.41170416418801
ep6019,34.30073813880746
ep6020,-13.994164535871148
ep6021,-13.994164535871148
ep6022,-13.994164535871148
ep6023,37.02758712254613
ep6024,34.30073813880746
ep6025,37.02758712254613
ep6026,32.957730757419384
ep6027,-13.994164535871148
ep6028,30.311871915346735
ep6029,-13.994164535871148
ep6030,34.30073813880746
ep6031,39.80980218604849
ep6032,-13.994164535871148
ep6033,32.957730757419384
ep6034,30.311871915346735
ep6035,35.65731125132067
ep6036,29.00875319619327
ep6037,38.41170416418801
ep6038,32.957730757419384
ep6039,31.628153449845186
ep6040,35.65731125132067
ep6041,-13.994164535871148
ep6042,-13.994164535871148
ep6043,-13.994164535871148
ep6044,29.00875319619327
ep6045,-13.994164535871148
ep6046,37.02758712254613
ep6047,-13.994164535871148
ep6048,-13.994164535871148
ep6049,-13.994164535871148
ep6050,-13.994164535871148
ep6051,32.957730757419384
ep6052,-13.994164535871148
ep6053,29.00875319619327
ep6054,35.65731125132067
ep6055,-13.994164535871148
ep6056,31.628153449845186
ep6057,30.311871915346735
ep6058,30.311871915346735
ep6059,31.628153449845186
ep6060,-13.994164535871148
ep6061,29.00875319619327
ep6062,37.02758712254613
ep6063,-13.994164535871148
ep6064,-13.994164535871148
ep6065,29.00875319619327
ep6066,31.628153449845186
ep6067,32.957730757419384
ep6068,31.628153449845186
ep6069,-13.994164535871148
ep6070,-13.994164535871148
ep6071,38.41170416418801
ep6072,29.00875319619327
ep6073,30.311871915346735
ep6074,-13.994164535871148
ep6075,35.65731125132067
ep6076,-13.994164535871148
ep6077,37.02758712254613
ep6078,-13.994164535871148
ep6079,38.41170416418801
ep6080,34.30073813880746
ep6081,-13.994164535871148
ep6082,41.22202241015
ep6083,34.30073813880746
ep6084,-13.994164535871148
ep6085,-13.994164535871148
ep6086,-13.994164535871148
ep6087,31.628153449845186
ep6088,29.00875319619327
ep6089,34.30073813880746
ep6090,32.957730757419384
ep6091,32.957730757419384
ep6092,38.41170416418801
ep6093,30.311871915346735
ep6094,32.957730757419384
ep6095,-13.994164535871148
ep6096,-13.994164535871148
ep6097,-13.994164535871148
ep6098,32.957730757419384
ep6099,30.311871915346735
ep6100,-13.994164535871148
ep6101,35.65731125132067
ep6102,-13.994164535871148
ep6103,-13.994164535871148
ep6104,30.311871915346735
ep6105,30.311871915346735
ep6106,31.628153449845186
ep6107,-13.994164535871148
ep6108,34.30073813880746
ep6109,-13.994164535871148
ep6110,29.00875319619327
ep6111,38.41170416418801
ep6112,-13.994164535871148
ep6113,-13.994164535871148
ep6114,31.628153449845186
ep6115,32.957730757419384
ep6116,-13.994164535871148
ep6117,-13.994164535871148
ep6118,30.311871915346735
ep6119,31.628153449845186
ep6120,37.02758712254613
ep6121,-13.994164535871148
ep6122,-13.994164535871148
ep6123,-13.994164535871148
ep6124,-13.994164535871148
ep6125,-13.994164535871148
ep6126,-13.994164535871148
ep6127,37.02758712254613
ep6128,-13.994164535871148
ep6129,35.65731125132067
ep6130,-13.994164535871148
ep6131,38.41170416418801
ep6132,-13.994164535871148
ep6133,-13.994164535871148
ep6134,-13.994164535871148
ep6135,30.311871915346735
ep6136,-13.994164535871148
ep6137,-13.994164535871148
ep6138,-13.994164535871148
ep6139,-13.994164535871148
ep6140,-13.994164535871148
ep6141,-13.994164535871148
ep6142,-13.994164535871148
ep6143,29.00875319619327
ep6144,-13.994164535871148
ep6145,29.00875319619327
ep6146,-13.994164535871148
ep6147,-13.994164535871148
ep6148,31.628153449845186
ep6149,41.22202241015
ep6150,32.957730757419384
ep6151,32.957730757419384
ep6152,30.311871915346735
ep6153,-13.994164535871148
ep6154,31.628153449845186
ep6155,-13.994164535871148
ep6156,-13.994164535871148
ep6157,-13.994164535871148
ep6158,-13.994164535871148
ep6159,-13.994164535871148
ep6160,31.628153449845186
ep6161,-13.994164535871148
ep6162,32.957730757419384
ep6163,-13.994164535871148
ep6164,30.311871915346735
ep6165,31.628153449845186
ep6166,-13.994164535871148
ep6167,29.00875319619327
ep6168,37.02758712254613
ep6169,-13.994164535871148
ep6170,38.41170416418801
ep6171,41.22202241015
ep6172,34.30073813880746
ep6173,30.311871915346735
ep6174,-13.994164535871148
ep6175,29.00875319619327
ep6176,-13.994164535871148
ep6177,41.22202241015
ep6178,-13.994164535871148
ep6179,-13.994164535871148
ep6180,-13.994164535871148
ep6181,-13.994164535871148
ep6182,30.311871915346735
ep6183,29.00875319619327
ep6184,29.00875319619327
ep6185,30.311871915346735
ep6186,29.00875319619327
ep6187,-13.994164535871148
ep6188,31.628153449845186
ep6189,-13.994164535871148
ep6190,-13.994164535871148
ep6191,30.311871915346735
ep6192,29.00875319619327
ep6193,-13.994164535871148
ep6194,30.311871915346735
ep6195,35.65731125132067
ep6196,-13.994164535871148
ep6197,37.02758712254613
ep6198,-13.994164535871148
ep6199,30.311871915346735
ep6200,41.22202241015
ep6201,32.957730757419384
ep6202,-13.994164535871148
ep6203,-13.994164535871148
ep6204,32.957730757419384
ep6205,-13.994164535871148
ep6206,-13.994164535871148
ep6207,30.311871915346735
ep6208,29.00875319619327
ep6209,38.41170416418801
ep6210,29.00875319619327
ep6211,32.957730757419384
ep6212,-13.994164535871148
ep6213,-13.994164535871148
ep6214,32.957730757419384
ep6215,-13.994164535871148
ep6216,-13.994164535871148
ep6217,34.30073813880746
ep6218,29.00875319619327
ep6219,30.311871915346735
ep6220,-13.994164535871148
ep6221,34.30073813880746
ep6222,-13.994164535871148
ep6223,-13.994164535871148
ep6224,32.957730757419384
ep6225,-13.994164535871148
ep6226,37.02758712254613
ep6227,30.311871915346735
ep6228,30.311871915346735
ep6229,-13.994164535871148
ep6230,-13.994164535871148
ep6231,38.41170416418801
ep6232,35.65731125132067
ep6233,-13.994164535871148
ep6234,-13.994164535871148
ep6235,31.628153449845186
ep6236,-13.994164535871148
ep6237,-13.994164535871148
ep6238,-13.994164535871148
ep6239,35.65731125132067
ep6240,-13.994164535871148
ep6241,-13.994164535871148
ep6242,34.30073813880746
ep6243,-13.994164535871148
ep6244,31.628153449845186
ep6245,34.30073813880746
ep6246,31.628153449845186
ep6247,38.41170416418801
ep6248,-13.994164535871148
ep6249,-13.994164535871148
ep6250,32.957730757419384
ep6251,32.957730757419384
ep6252,-13.994164535871148
ep6253,-13.994164535871148
ep6254,31.628153449845186
ep6255,30.311871915346735
ep6256,-13.994164535871148
ep6257,-13.994164535871148
ep6258,38.41170416418801
ep6259,-13.994164535871148
ep6260,-13.994164535871148
ep6261,31.628153449845186
ep6262,-13.994164535871148
ep6263,39.80980218604849
ep6264,-13.994164535871148
ep6265,-13.994164535871148
ep6266,30.311871915346735
ep6267,30.311871915346735
ep6268,30.311871915346735
ep6269,-13.994164535871148
ep6270,-13.994164535871148
ep6271,35.65731125132067
ep6272,37.02758712254613
ep6273,37.02758712254613
ep6274,29.00875319619327
ep6275,-13.994164535871148
ep6276,-13.994164535871148
ep6277,41.22202241015
ep6278,32.957730757419384
ep6279,35.65731125132067
ep6280,37.02758712254613
ep6281,-13.994164535871148
ep6282,31.628153449845186
ep6283,-13.994164535871148
ep6284,32.957730757419384
ep6285,-13.994164535871148
ep6286,37.02758712254613
ep6287,34.30073813880746
ep6288,41.22202241015
ep6289,30.311871915346735
ep6290,41.22202241015
ep6291,37.02758712254613
ep6292,38.41170416418801
ep6293,29.00875319619327
ep6294,-13.994164535871148
ep6295,31.628153449845186
ep6296,-13.994164535871148
ep6297,35.65731125132067
ep6298,-13.994164535871148
ep6299,-13.994164535871148
ep6300,31.628153449845186
ep6301,-13.994164535871148
ep6302,-13.994164535871148
ep6303,-13.994164535871148
ep6304,35.65731125132067
ep6305,34.30073813880746
ep6306,31.628153449845186
ep6307,-13.994164535871148
ep6308,30.311871915346735
ep6309,34.30073813880746
ep6310,30.311871915346735
ep6311,-13.994164535871148
ep6312,30.311871915346735
ep6313,30.311871915346735
ep6314,35.65731125132067
ep6315,-13.994164535871148
ep6316,37.02758712254613
ep6317,29.00875319619327
ep6318,-13.994164535871148
ep6319,37.02758712254613
ep6320,32.957730757419384
ep6321,-13.994164535871148
ep6322,34.30073813880746
ep6323,-13.994164535871148
ep6324,-13.994164535871148
ep6325,-13.994164535871148
ep6326,-13.994164535871148
ep6327,-13.994164535871148
ep6328,30.311871915346735
ep6329,41.22202241015
ep6330,41.22202241015
ep6331,-13.994164535871148
ep6332,31.628153449845186
ep6333,30.311871915346735
ep6334,29.00875319619327
ep6335,32.957730757419384
ep6336,-13.994164535871148
ep6337,35.65731125132067
ep6338,-13.994164535871148
ep6339,35.65731125132067
ep6340,-13.994164535871148
ep6341,-13.994164535871148
ep6342,29.00875319619327
ep6343,41.22202241015
ep6344,30.311871915346735
ep6345,-13.994164535871148
ep6346,-13.994164535871148
ep6347,35.65731125132067
ep6348,30.311871915346735
ep6349,-13.994164535871148
ep6350,-13.994164535871148
ep6351,-13.994164535871148
ep6352,31.628153449845186
ep6353,35.65731125132067
ep6354,34.30073813880746
ep6355,34.30073813880746
ep6356,30.311871915346735
ep6357,30.311871915346735
ep6358,31.628153449845186
ep6359,-13.994164535871148
ep6360,31.628153449845186
ep6361,34.30073813880746
ep6362,31.628153449845186
ep6363,31.628153449845186
ep6364,32.957730757419384
ep6365,35.65731125132067
ep6366,-13.994164535871148
ep6367,37.02758712254613
ep6368,-13.994164535871148
ep6369,37.02758712254613
ep6370,31.628153449845186
ep6371,-13.994164535871148
ep6372,31.628153449845186
ep6373,35.65731125132067
ep6374,-13.994164535871148
ep6375,30.311871915346735
ep6376,38.41170416418801
ep6377,-13.994164535871148
ep6378,32.957730757419384
ep6379,35.65731125132067
ep6380,30.311871915346735
ep6381,34.30073813880746
ep6382,-13.994164535871148
ep6383,-13.994164535871148
ep6384,38.41170416418801
ep6385,-13.994164535871148
ep6386,-13.994164535871148
ep6387,34.30073813880746
ep6388,30.311871915346735
ep6389,-13.994164535871148
ep6390,32.957730757419384
ep6391,-13.994164535871148
ep6392,-13.994164535871148
ep6393,-13.994164535871148
ep6394,37.02758712254613
ep6395,35.65731125132067
ep6396,-13.994164535871148
ep6397,34.30073813880746
ep6398,-13.994164535871148
ep6399,35.65731125132067
ep6400,30.311871915346735
ep6401,29.00875319619327
ep6402,29.00875319619327
ep6403,38.41170416418801
ep6404,-13.994164535871148
ep6405,-13.994164535871148
ep6406,-13.994164535871148
ep6407,-13.994164535871148
ep6408,-13.994164535871148
ep6409,-13.994164535871148
ep6410,30.311871915346735
ep6411,-13.994164535871148
ep6412,-13.994164535871148
ep6413,30.311871915346735
ep6414,35.65731125132067
ep6415,-13.994164535871148
ep6416,-13.994164535871148
ep6417,32.957730757419384
ep6418,30.311871915346735
ep6419,-13.994164535871148
ep6420,35.65731125132067
ep6421,-13.994164535871148
ep6422,-13.994164535871148
ep6423,29.00875319619327
ep6424,30.311871915346735
ep6425,-13.994164535871148
ep6426,-13.994164535871148
ep6427,-13.994164535871148
ep6428,-13.994164535871148
ep6429,-13.994164535871148
ep6430,32.957730757419384
ep6431,41.22202241015
ep6432,-13.994164535871148
ep6433,30.311871915346735
ep6434,-13.994164535871148
ep6435,32.957730757419384
ep6436,41.22202241015
ep6437,32.957730757419384
ep6438,-13.994164535871148
ep6439,30.311871915346735
ep6440,-13.994164535871148
ep6441,-13.994164535871148
ep6442,41.22202241015
ep6443,29.00875319619327
ep6444,34.30073813880746
ep6445,-13.994164535871148
ep6446,34.30073813880746
ep6447,34.30073813880746
ep6448,29.00875319619327
ep6449,34.30073813880746
ep6450,-13.994164535871148
ep6451,-13.994164535871148
ep6452,31.628153449845186
ep6453,30.311871915346735
ep6454,37.02758712254613
ep6455,41.22202241015
ep6456,37.02758712254613
ep6457,29.00875319619327
ep6458,32.957730757419384
ep6459,30.311871915346735
ep6460,-13.994164535871148
ep6461,-13.994164535871148
ep6462,29.00875319619327
ep6463,-13.994164535871148
ep6464,-13.994164535871148
ep6465,41.22202241015
ep6466,32.957730757419384
ep6467,-13.994164535871148
ep6468,-13.994164535871148
ep6469,37.02758712254613
ep6470,-13.994164535871148
ep6471,38.41170416418801
ep6472,-13.994164535871148
ep6473,-13.994164535871148
ep6474,-13.994164535871148
ep6475,-13.994164535871148
ep6476,-13.994164535871148
ep6477,31.628153449845186
ep6478,-13.994164535871148
ep6479,30.311871915346735
ep6480,38.41170416418801
ep6481,-13.994164535871148
ep6482,32.957730757419384
ep6483,38.41170416418801
ep6484,-13.994164535871148
ep6485,30.311871915346735
ep6486,-13.994164535871148
ep6487,32.957730757419384
ep6488,-13.994164535871148
ep6489,-13.994164535871148
ep6490,34.30073813880746
ep6491,-13.994164535871148
ep6492,29.00875319619327
ep6493,-13.994164535871148
ep6494,31.628153449845186
ep6495,-13.994164535871148
ep6496,-13.994164535871148
ep6497,-13.994164535871148
ep6498,30.311871915346735
ep6499,41.22202241015
ep6500,-13.994164535871148
ep6501,29.00875319619327
ep6502,-13.994164535871148
ep6503,31.628153449845186
ep6504,-13.994164535871148
ep6505,31.628153449845186
ep6506,-13.994164535871148
ep6507,-13.994164535871148
ep6508,39.80980218604849
ep6509,39.80980218604849
ep6510,-13.994164535871148
ep6511,32.957730757419384
ep6512,-13.994164535871148
ep6513,38.41170416418801
ep6514,29.00875319619327
ep6515,-13.994164535871148
ep6516,32.957730757419384
ep6517,29.00875319619327
ep6518,35.65731125132067
ep6519,-13.994164535871148
ep6520,-13.994164535871148
ep6521,39.80980218604849
ep6522,31.628153449845186
ep6523,31.628153449845186
ep6524,29.00875319619327
ep6525,30.311871915346735
ep6526,-13.994164535871148
ep6527,32.957730757419384
ep6528,-13.994164535871148
ep6529,37.02758712254613
ep6530,31.628153449845186
ep6531,30.311871915346735
ep6532,38.41170416418801
ep6533,29.00875319619327
ep6534,34.30073813880746
ep6535,-13.994164535871148
ep6536,-13.994164535871148
ep6537,38.41170416418801
ep6538,-13.994164535871148
ep6539,32.957730757419384
ep6540,-13.994164535871148
ep6541,35.65731125132067
ep6542,-13.994164535871148
ep6543,30.311871915346735
ep6544,-13.994164535871148
ep6545,-13.994164535871148
ep6546,32.957730757419384
ep6547,31.628153449845186
ep6548,-13.994164535871148
ep6549,-13.994164535871148
ep6550,-13.994164535871148
ep6551,31.628153449845186
ep6552,31.628153449845186
ep6553,32.957730757419384
ep6554,29.00875319619327
ep6555,32.957730757419384
ep6556,29.00875319619327
ep6557,-13.994164535871148
ep6558,31.628153449845186
ep6559,-13.994164535871148
ep6560,41.22202241015
ep6561,-13.994164535871148
ep6562,32.957730757419384
ep6563,-13.994164535871148
ep6564,31.628153449845186
ep6565,-13.994164535871148
ep6566,-13.994164535871148
ep6567,-13.994164535871148
ep6568,-13.994164535871148
ep6569,30.311871915346735
ep6570,-13.994164535871148
ep6571,37.02758712254613
ep6572,41.22202241015
ep6573,35.65731125132067
ep6574,32.957730757419384
ep6575,34.30073813880746
ep6576,41.22202241015
ep6577,37.02758712254613
ep6578,-13.994164535871148
ep6579,-13.994164535871148
ep6580,37.02758712254613
ep6581,31.628153449845186
ep6582,-13.994164535871148
ep6583,30.311871915346735
ep6584,38.41170416418801
ep6585,32.957730757419384
ep6586,34.30073813880746
ep6587,41.22202241015
ep6588,31.628153449845186
ep6589,-13.994164535871148
ep6590,32.957730757419384
ep6591,29.00875319619327
ep6592,29.00875319619327
ep6593,29.00875319619327
ep6594,-13.994164535871148
ep6595,34.30073813880746
ep6596,41.22202241015
ep6597,30.311871915346735
ep6598,-13.994164535871148
ep6599,-13.994164535871148
ep6600,29.00875319619327
ep6601,-13.994164535871148
ep6602,32.957730757419384
ep6603,-13.994164535871148
ep6604,-13.994164535871148
ep6605,-13.994164535871148
ep6606,-13.994164535871148
ep6607,-13.994164535871148
ep6608,-13.994164535871148
ep6609,-13.994164535871148
ep6610,-13.994164535871148
ep6611,35.65731125132067
ep6612,-13.994164535871148
ep6613,32.957730757419384
ep6614,30.311871915346735
ep6615,-13.994164535871148
ep6616,38.41170416418801
ep6617,-13.994164535871148
ep6618,-13.994164535871148
ep6619,34.30073813880746
ep6620,32.957730757419384
ep6621,-13.994164535871148
ep6622,29.00875319619327
ep6623,-13.994164535871148
ep6624,-13.994164535871148
ep6625,31.628153449845186
ep6626,34.30073813880746
ep6627,30.311871915346735
ep6628,-13.994164535871148
ep6629,30.311871915346735
ep6630,-13.994164535871148
ep6631,-13.994164535871148
ep6632,-13.994164535871148
ep6633,38.41170416418801
ep6634,-13.994164535871148
ep6635,35.65731125132067
ep6636,31.628153449845186
ep6637,-13.994164535871148
ep6638,41.22202241015
ep6639,-13.994164535871148
ep6640,-13.994164535871148
ep6641,-13.994164535871148
ep6642,-13.994164535871148
ep6643,-13.994164535871148
ep6644,-13.994164535871148
ep6645,32.957730757419384
ep6646,-13.994164535871148
ep6647,-13.994164535871148
ep6648,-13.994164535871148
ep6649,30.311871915346735
ep6650,35.65731125132067
ep6651,-13.994164535871148
ep6652,30.311871915346735
ep6653,-13.994164535871148
ep6654,35.65731125132067
ep6655,29.00875319619327
ep6656,-13.994164535871148
ep6657,31.628153449845186
ep6658,30.311871915346735
ep6659,-13.994164535871148
ep6660,30.311871915346735
ep6661,35.65731125132067
ep6662,41.22202241015
ep6663,34.30073813880746
ep6664,-13.994164535871148
ep6665,-13.994164535871148
ep6666,29.00875319619327
ep6667,-13.994164535871148
ep6668,38.41170416418801
ep6669,-13.994164535871148
ep6670,31.628153449845186
ep6671,-13.994164535871148
ep6672,32.957730757419384
ep6673,-13.994164535871148
ep6674,34.30073813880746
ep6675,30.311871915346735
ep6676,37.02758712254613
ep6677,-13.994164535871148
ep6678,37.02758712254613
ep6679,30.311871915346735
ep6680,32.957730757419384
ep6681,-13.994164535871148
ep6682,35.65731125132067
ep6683,35.65731125132067
ep6684,30.311871915346735
ep6685,30.311871915346735
ep6686,-13.994164535871148
ep6687,30.311871915346735
ep6688,-13.994164535871148
ep6689,31.628153449845186
ep6690,-13.994164535871148
ep6691,41.22202241015
ep6692,-13.994164535871148
ep6693,-13.994164535871148
ep6694,32.957730757419384
ep6695,-13.994164535871148
ep6696,31.628153449845186
ep6697,-13.994164535871148
ep6698,-13.994164535871148
ep6699,-13.994164535871148
ep6700,-13.994164535871148
ep6701,-13.994164535871148
ep6702,31.628153449845186
ep6703,-13.994164535871148
ep6704,-13.994164535871148
ep6705,-13.994164535871148
ep6706,29.00875319619327
ep6707,37.02758712254613
ep6708,31.628153449845186
ep6709,-13.994164535871148
ep6710,32.957730757419384
ep6711,34.30073813880746
ep6712,32.957730757419384
ep6713,-13.994164535871148
ep6714,38.41170416418801
ep6715,35.65731125132067
ep6716,30.311871915346735
ep6717,-13.994164535871148
ep6718,29.00875319619327
ep6719,29.00875319619327
ep6720,34.30073813880746
ep6721,-13.994164535871148
ep6722,-13.994164535871148
ep6723,-13.994164535871148
ep6724,31.628153449845186
ep6725,29.00875319619327
ep6726,-13.994164535871148
ep6727,-13.994164535871148
ep6728,-13.994164535871148
ep6729,-13.994164535871148
ep6730,31.628153449845186
ep6731,32.957730757419384
ep6732,-13.994164535871148
ep6733,38.41170416418801
ep6734,-13.994164535871148
ep6735,32.957730757419384
ep6736,34.30073813880746
ep6737,-13.994164535871148
ep6738,30.311871915346735
ep6739,-13.994164535871148
ep6740,-13.994164535871148
ep6741,-13.994164535871148
ep6742,34.30073813880746
ep6743,-13.994164535871148
ep6744,-13.994164535871148
ep6745,32.957730757419384
ep6746,-13.994164535871148
ep6747,-13.994164535871148
ep6748,38.41170416418801
ep6749,34.30073813880746
ep6750,30.311871915346735
ep6751,34.30073813880746
ep6752,34.30073813880746
ep6753,29.00875319619327
ep6754,-13.994164535871148
ep6755,31.628153449845186
ep6756,37.02758712254613
ep6757,-13.994164535871148
ep6758,29.00875319619327
ep6759,31.628153449845186
ep6760,37.02758712254613
ep6761,38.41170416418801
ep6762,-13.994164535871148
ep6763,-13.994164535871148
ep6764,35.65731125132067
ep6765,-13.994164535871148
ep6766,-13.994164535871148
ep6767,38.41170416418801
ep6768,30.311871915346735
ep6769,39.80980218604849
ep6770,35.65731125132067
ep6771,37.02758712254613
ep6772,38.41170416418801
ep6773,29.00875319619327
ep6774,-13.994164535871148
ep6775,-13.994164535871148
ep6776,-13.994164535871148
ep6777,-13.994164535871148
ep6778,38.41170416418801
ep6779,34.30073813880746
ep6780,35.65731125132067
ep6781,-13.994164535871148
ep6782,-13.994164535871148
ep6783,-13.994164535871148
ep6784,-13.994164535871148
ep6785,-13.994164535871148
ep6786,32.957730757419384
ep6787,35.65731125132067
ep6788,-13.994164535871148
ep6789,-13.994164535871148
ep6790,30.311871915346735
ep6791,34.30073813880746
ep6792,-13.994164535871148
ep6793,38.41170416418801
ep6794,-13.994164535871148
ep6795,-13.994164535871148
ep6796,-13.994164535871148
ep6797,-13.994164535871148
ep6798,38.41170416418801
ep6799,-13.994164535871148
ep6800,32.957730757419384
ep6801,-13.994164535871148
ep6802,30.311871915346735
ep6803,-13.994164535871148
ep6804,32.957730757419384
ep6805,29.00875319619327
ep6806,-13.994164535871148
ep6807,29.00875319619327
ep6808,-13.994164535871148
ep6809,38.41170416418801
ep6810,31.628153449845186
ep6811,38.41170416418801
ep6812,-13.994164535871148
ep6813,-13.994164535871148
ep6814,35.65731125132067
ep6815,-13.994164535871148
ep6816,31.628153449845186
ep6817,34.30073813880746
ep6818,32.957730757419384
ep6819,34.30073813880746
ep6820,34.30073813880746
ep6821,29.00875319619327
ep6822,-13.994164535871148
ep6823,30.311871915346735
ep6824,-13.994164535871148
ep6825,-13.994164535871148
ep6826,29.00875319619327
ep6827,-13.994164535871148
ep6828,-13.994164535871148
ep6829,34.30073813880746
ep6830,-13.994164535871148
ep6831,30.311871915346735
ep6832,31.628153449845186
ep6833,39.80980218604849
ep6834,32.957730757419384
ep6835,-13.994164535871148
ep6836,35.65731125132067
ep6837,-13.994164535871148
ep6838,-13.994164535871148
ep6839,-13.994164535871148
ep6840,-13.994164535871148
ep6841,34.30073813880746
ep6842,-13.994164535871148
ep6843,-13.994164535871148
ep6844,-13.994164535871148
ep6845,-13.994164535871148
ep6846,-13.994164535871148
ep6847,-13.994164535871148
ep6848,-13.994164535871148
ep6849,31.628153449845186
ep6850,31.628153449845186
ep6851,32.957730757419384
ep6852,-13.994164535871148
ep6853,30.311871915346735
ep6854,37.02758712254613
ep6855,-13.994164535871148
ep6856,29.00875319619327
ep6857,31.628153449845186
ep6858,32.957730757419384
ep6859,29.00875319619327
ep6860,-13.994164535871148
ep6861,30.311871915346735
ep6862,-13.994164535871148
ep6863,39.80980218604849
ep6864,38.41170416418801
ep6865,-13.994164535871148
ep6866,29.00875319619327
ep6867,30.311871915346735
ep6868,-13.994164535871148
ep6869,32.957730757419384
ep6870,-13.994164535871148
ep6871,-13.994164535871148
ep6872,35.65731125132067
ep6873,-13.994164535871148
ep6874,31.628153449845186
ep6875,-13.994164535871148
ep6876,35.65731125132067
ep6877,-13.994164535871148
ep6878,37.02758712254613
ep6879,29.00875319619327
ep6880,31.628153449845186
ep6881,39.80980218604849
ep6882,34.30073813880746
ep6883,-13.994164535871148
ep6884,32.957730757419384
ep6885,31.628153449845186
ep6886,37.02758712254613
ep6887,-13.994164535871148
ep6888,-13.994164535871148
ep6889,30.311871915346735
ep6890,31.628153449845186
ep6891,-13.994164535871148
ep6892,31.628153449845186
ep6893,-13.994164535871148
ep6894,32.957730757419384
ep6895,-13.994164535871148
ep6896,37.02758712254613
ep6897,-13.994164535871148
ep6898,-13.994164535871148
ep6899,-13.994164535871148
ep6900,-13.994164535871148
ep6901,-13.994164535871148
ep6902,-13.994164535871148
ep6903,30.311871915346735
ep6904,35.65731125132067
ep6905,29.00875319619327
ep6906,31.628153449845186
ep6907,30.311871915346735
ep6908,-13.994164535871148
ep6909,-13.994164535871148
ep6910,30.311871915346735
ep6911,-13.994164535871148
ep6912,31.628153449845186
ep6913,-13.994164535871148
ep6914,-13.994164535871148
ep6915,-13.994164535871148
ep6916,-13.994164535871148
ep6917,-13.994164535871148
ep6918,30.311871915346735
ep6919,41.22202241015
ep6920,31.628153449845186
ep6921,30.311871915346735
ep6922,-13.994164535871148
ep6923,38.41170416418801
ep6924,38.41170416418801
ep6925,-13.994164535871148
ep6926,30.311871915346735
ep6927,-13.994164535871148
ep6928,-13.994164535871148
ep6929,41.22202241015
ep6930,32.957730757419384
ep6931,-13.994164535871148
ep6932,-13.994164535871148
ep6933,34.30073813880746
ep6934,-13.994164535871148
ep6935,31.628153449845186
ep6936,34.30073813880746
ep6937,41.22202241015
ep6938,34.30073813880746
ep6939,-13.994164535871148
ep6940,30.311871915346735
ep6941,-13.994164535871148
ep6942,37.02758712254613
ep6943,38.41170416418801
ep6944,39.80980218604849
ep6945,31.628153449845186
ep6946,-13.994164535871148
ep6947,-13.994164535871148
ep6948,-13.994164535871148
ep6949,-13.994164535871148
ep6950,34.30073813880746
ep6951,29.00875319619327
ep6952,30.311871915346735
ep6953,39.80980218604849
ep6954,-13.994164535871148
ep6955,-13.994164535871148
ep6956,34.30073813880746
ep6957,-13.994164535871148
ep6958,32.957730757419384
ep6959,30.311871915346735
ep6960,41.22202241015
ep6961,38.41170416418801
ep6962,-13.994164535871148
ep6963,29.00875319619327
ep6964,32.957730757419384
ep6965,34.30073813880746
ep6966,37.02758712254613
ep6967,31.628153449845186
ep6968,34.30073813880746
ep6969,38.41170416418801
ep6970,-13.994164535871148
ep6971,34.30073813880746
ep6972,-13.994164535871148
ep6973,-13.994164535871148
ep6974,32.957730757419384
ep6975,30.311871915346735
ep6976,37.02758712254613
ep6977,29.00875319619327
ep6978,31.628153449845186
ep6979,29.00875319619327
ep6980,39.80980218604849
ep6981,-13.994164535871148
ep6982,-13.994164535871148
ep6983,37.02758712254613
ep6984,31.628153449845186
ep6985,-13.994164535871148
ep6986,-13.994164535871148
ep6987,-13.994164535871148
ep6988,-13.994164535871148
ep6989,-13.994164535871148
ep6990,32.957730757419384
ep6991,-13.994164535871148
ep6992,30.311871915346735
ep6993,34.30073813880746
ep6994,-13.994164535871148
ep6995,29.00875319619327
ep6996,31.628153449845186
ep6997,37.02758712254613
ep6998,-13.994164535871148
ep6999,-13.994164535871148
ep7000,31.628153449845186
ep7001,35.65731125132067
ep7002,37.02758712254613
ep7003,-13.994164535871148
ep7004,-13.994164535871148
ep7005,-13.994164535871148
ep7006,-13.994164535871148
ep7007,31.628153449845186
ep7008,-13.994164535871148
ep7009,30.311871915346735
ep7010,-13.994164535871148
ep7011,35.65731125132067
ep7012,30.311871915346735
ep7013,-13.994164535871148
ep7014,-13.994164535871148
ep7015,35.65731125132067
ep7016,29.00875319619327
ep7017,-13.994164535871148
ep7018,29.00875319619327
ep7019,29.00875319619327
ep7020,34.30073813880746
ep7021,29.00875319619327
ep7022,38.41170416418801
ep7023,-13.994164535871148
ep7024,31.628153449845186
ep7025,30.311871915346735
ep7026,-13.994164535871148
ep7027,-13.994164535871148
ep7028,-13.994164535871148
ep7029,35.65731125132067
ep7030,30.311871915346735
ep7031,-13.994164535871148
ep7032,32.957730757419384
ep7033,-13.994164535871148
ep7034,-13.994164535871148
ep7035,32.957730757419384
ep7036,-13.994164535871148
ep7037,-13.994164535871148
ep7038,31.628153449845186
ep7039,32.957730757419384
ep7040,34.30073813880746
ep7041,34.30073813880746
ep7042,-13.994164535871148
ep7043,-13.994164535871148
ep7044,-13.994164535871148
ep7045,34.30073813880746
ep7046,32.957730757419384
ep7047,29.00875319619327
ep7048,-13.994164535871148
ep7049,35.65731125132067
ep7050,-13.994164535871148
ep7051,32.957730757419384
ep7052,-13.994164535871148
ep7053,35.65731125132067
ep7054,-13.994164535871148
ep7055,-13.994164535871148
ep7056,-13.994164535871148
ep7057,-13.994164535871148
ep7058,32.957730757419384
ep7059,30.311871915346735
ep7060,-13.994164535871148
ep7061,29.00875319619327
ep7062,30.311871915346735
ep7063,-13.994164535871148
ep7064,29.00875319619327
ep7065,-13.994164535871148
ep7066,29.00875319619327
ep7067,32.957730757419384
ep7068,37.02758712254613
ep7069,-13.994164535871148
ep7070,30.311871915346735
ep7071,34.30073813880746
ep7072,-13.994164535871148
ep7073,35.65731125132067
ep7074,34.30073813880746
ep7075,-13.994164535871148
ep7076,34.30073813880746
ep7077,31.628153449845186
ep7078,-13.994164535871148
ep7079,41.22202241015
ep7080,35.65731125132067
ep7081,-13.994164535871148
ep7082,37.02758712254613
ep7083,37.02758712254613
ep7084,30.311871915346735
ep7085,-13.994164535871148
ep7086,-13.994164535871148
ep7087,34.30073813880746
ep7088,-13.994164535871148
ep7089,30.311871915346735
ep7090,-13.994164535871148
ep7091,32.957730757419384
ep7092,-13.994164535871148
ep7093,30.311871915346735
ep7094,34.30073813880746
ep7095,-13.994164535871148
ep7096,-13.994164535871148
ep7097,31.628153449845186
ep7098,-13.994164535871148
ep7099,-13.994164535871148
ep7100,31.628153449845186
ep7101,35.65731125132067
ep7102,-13.994164535871148
ep7103,29.00875319619327
ep7104,-13.994164535871148
ep7105,37.02758712254613
ep7106,-13.994164535871148
ep7107,30.311871915346735
ep7108,30.311871915346735
ep7109,-13.994164535871148
ep7110,30.311871915346735
ep7111,-13.994164535871148
ep7112,31.628153449845186
ep7113,-13.994164535871148
ep7114,34.30073813880746
ep7115,-13.994164535871148
ep7116,34.30073813880746
ep7117,-13.994164535871148
ep7118,-13.994164535871148
ep7119,31.628153449845186
ep7120,-13.994164535871148
ep7121,-13.994164535871148
ep7122,-13.994164535871148
ep7123,32.957730757419384
ep7124,-13.994164535871148
ep7125,-13.994164535871148
ep7126,37.02758712254613
ep7127,32.957730757419384
ep7128,38.41170416418801
ep7129,31.628153449845186
ep7130,29.00875319619327
ep7131,-13.994164535871148
ep7132,37.02758712254613
ep7133,35.65731125132067
ep7134,-13.994164535871148
ep7135,-13.994164535871148
ep7136,-13.994164535871148
ep7137,-13.994164535871148
ep7138,35.65731125132067
ep7139,-13.994164535871148
ep7140,37.02758712254613
ep7141,-13.994164535871148
ep7142,32.957730757419384
ep7143,-13.994164535871148
ep7144,-13.994164535871148
ep7145,-13.994164535871148
ep7146,-13.994164535871148
ep7147,30.311871915346735
ep7148,-13.994164535871148
ep7149,-13.994164535871148
ep7150,-13.994164535871148
ep7151,-13.994164535871148
ep7152,29.00875319619327
ep7153,-13.994164535871148
ep7154,-13.994164535871148
ep7155,-13.994164535871148
ep7156,41.22202241015
ep7157,29.00875319619327
ep7158,30.311871915346735
ep7159,29.00875319619327
ep7160,32.957730757419384
ep7161,-13.994164535871148
ep7162,-13.994164535871148
ep7163,32.957730757419384
ep7164,35.65731125132067
ep7165,-13.994164535871148
ep7166,-13.994164535871148
ep7167,37.02758712254613
ep7168,-13.994164535871148
ep7169,31.628153449845186
ep7170,41.22202241015
ep7171,-13.994164535871148
ep7172,35.65731125132067
ep7173,30.311871915346735
ep7174,35.65731125132067
ep7175,31.628153449845186
ep7176,-13.994164535871148
ep7177,32.957730757419384
ep7178,35.65731125132067
ep7179,-13.994164535871148
ep7180,-13.994164535871148
ep7181,34.30073813880746
ep7182,-13.994164535871148
ep7183,41.22202241015
ep7184,29.00875319619327
ep7185,-13.994164535871148
ep7186,35.65731125132067
ep7187,-13.994164535871148
ep7188,38.41170416418801
ep7189,34.30073813880746
ep7190,34.30073813880746
ep7191,34.30073813880746
ep7192,-13.994164535871148
ep7193,32.957730757419384
ep7194,32.957730757419384
ep7195,39.80980218604849
ep7196,39.80980218604849
ep7197,29.00875319619327
ep7198,29.00875319619327
ep7199,-13.994164535871148
ep7200,37.02758712254613
ep7201,31.628153449845186
ep7202,-13.994164535871148
ep7203,31.628153449845186
ep7204,-13.994164535871148
ep7205,-13.994164535871148
ep7206,29.00875319619327
ep7207,31.628153449845186
ep7208,32.957730757419384
ep7209,-13.994164535871148
ep7210,-13.994164535871148
ep7211,31.628153449845186
ep7212,-13.994164535871148
ep7213,-13.994164535871148
ep7214,41.22202241015
ep7215,32.957730757419384
ep7216,-13.994164535871148
ep7217,-13.994164535871148
ep7218,35.65731125132067
ep7219,29.00875319619327
ep7220,31.628153449845186
ep7221,-13.994164535871148
ep7222,37.02758712254613
ep7223,32.957730757419384
ep7224,-13.994164535871148
ep7225,30.311871915346735
ep7226,30.311871915346735
ep7227,37.02758712254613
ep7228,-13.994164535871148
ep7229,32.957730757419384
ep7230,-13.994164535871148
ep7231,35.65731125132067
ep7232,29.00875319619327
ep7233,-13.994164535871148
ep7234,-13.994164535871148
ep7235,-13.994164535871148
ep7236,31.628153449845186
ep7237,-13.994164535871148
ep7238,32.957730757419384
ep7239,31.628153449845186
ep7240,30.311871915346735
ep7241,-13.994164535871148
ep7242,38.41170416418801
ep7243,35.65731125132067
ep7244,-13.994164535871148
ep7245,-13.994164535871148
ep7246,30.311871915346735
ep7247,34.30073813880746
ep7248,29.00875319619327
ep7249,29.00875319619327
ep7250,31.628153449845186
ep7251,38.41170416418801
ep7252,-13.994164535871148
ep7253,-13.994164535871148
ep7254,31.628153449845186
ep7255,-13.994164535871148
ep7256,-13.994164535871148
ep7257,29.00875319619327
ep7258,-13.994164535871148
ep7259,35.65731125132067
ep7260,41.22202241015
ep7261,-13.994164535871148
ep7262,30.311871915346735
ep7263,-13.994164535871148
ep7264,34.30073813880746
ep7265,-13.994164535871148
ep7266,-13.994164535871148
ep7267,32.957730757419384
ep7268,34.30073813880746
ep7269,-13.994164535871148
ep7270,-13.994164535871148
ep7271,-13.994164535871148
ep7272,37.02758712254613
ep7273,34.30073813880746
ep7274,-13.994164535871148
ep7275,30.311871915346735
ep7276,-13.994164535871148
ep7277,-13.994164535871148
ep7278,39.80980218604849
ep7279,29.00875319619327
ep7280,-13.994164535871148
ep7281,34.30073813880746
ep7282,-13.994164535871148
ep7283,34.30073813880746
ep7284,-13.994164535871148
ep7285,31.628153449845186
ep7286,-13.994164535871148
ep7287,-13.994164535871148
ep7288,30.311871915346735
ep7289,31.628153449845186
ep7290,-13.994164535871148
ep7291,-13.994164535871148
ep7292,30.311871915346735
ep7293,30.311871915346735
ep7294,35.65731125132067
ep7295,37.02758712254613
ep7296,38.41170416418801
ep7297,32.957730757419384
ep7298,-13.994164535871148
ep7299,-13.994164535871148
ep7300,30.311871915346735
ep7301,35.65731125132067
ep7302,35.65731125132067
ep7303,-13.994164535871148
ep7304,-13.994164535871148
ep7305,30.311871915346735
ep7306,32.957730757419384
ep7307,30.311871915346735
ep7308,-13.994164535871148
ep7309,-13.994164535871148
ep7310,-13.994164535871148
ep7311,30.311871915346735
ep7312,-13.994164535871148
ep7313,-13.994164535871148
ep7314,35.65731125132067
ep7315,32.957730757419384
ep7316,35.65731125132067
ep7317,-13.994164535871148
ep7318,-13.994164535871148
ep7319,30.311871915346735
ep7320,30.311871915346735
ep7321,30.311871915346735
ep7322,-13.994164535871148
ep7323,37.02758712254613
ep7324,30.311871915346735
ep7325,39.80980218604849
ep7326,-13.994164535871148
ep7327,-13.994164535871148
ep7328,32.957730757419384
ep7329,32.957730757419384
ep7330,30.311871915346735
ep7331,31.628153449845186
ep7332,-13.994164535871148
ep7333,32.957730757419384
ep7334,34.30073813880746
ep7335,-13.994164535871148
ep7336,-13.994164535871148
ep7337,-13.994164535871148
ep7338,-13.994164535871148
ep7339,37.02758712254613
ep7340,-13.994164535871148
ep7341,29.00875319619327
ep7342,30.311871915346735
ep7343,38.41170416418801
ep7344,-13.994164535871148
ep7345,32.957730757419384
ep7346,34.30073813880746
ep7347,-13.994164535871148
ep7348,-13.994164535871148
ep7349,41.22202241015
ep7350,30.311871915346735
ep7351,30.311871915346735
ep7352,38.41170416418801
ep7353,35.65731125132067
ep7354,32.957730757419384
ep7355,35.65731125132067
ep7356,-13.994164535871148
ep7357,34.30073813880746
ep7358,39.80980218604849
ep7359,30.311871915346735
ep7360,-13.994164535871148
ep7361,-13.994164535871148
ep7362,29.00875319619327
ep7363,34.30073813880746
ep7364,29.00875319619327
ep7365,-13.994164535871148
ep7366,38.41170416418801
ep7367,41.22202241015
ep7368,-13.994164535871148
ep7369,35.65731125132067
ep7370,38.41170416418801
ep7371,-13.994164535871148
ep7372,-13.994164535871148
ep7373,29.00875319619327
ep7374,32.957730757419384
ep7375,30.311871915346735
ep7376,30.311871915346735
ep7377,29.00875319619327
ep7378,31.628153449845186
ep7379,-13.994164535871148
ep7380,32.957730757419384
ep7381,-13.994164535871148
ep7382,-13.994164535871148
ep7383,30.311871915346735
ep7384,32.957730757419384
ep7385,35.65731125132067
ep7386,-13.994164535871148
ep7387,-13.994164535871148
ep7388,29.00875319619327
ep7389,-13.994164535871148
ep7390,34.30073813880746
ep7391,-13.994164535871148
ep7392,-13.994164535871148
ep7393,35.65731125132067
ep7394,-13.994164535871148
ep7395,-13.994164535871148
ep7396,39.80980218604849
ep7397,-13.994164535871148
ep7398,35.65731125132067
ep7399,32.957730757419384
ep7400,-13.994164535871148
ep7401,39.80980218604849
ep7402,41.22202241015
ep7403,-13.994164535871148
ep7404,-13.994164535871148
ep7405,34.30073813880746
ep7406,41.22202241015
ep7407,31.628153449845186
ep7408,38.41170416418801
ep7409,30.311871915346735
ep7410,-13.994164535871148
ep7411,-13.994164535871148
ep7412,30.311871915346735
ep7413,37.02758712254613
ep7414,29.00875319619327
ep7415,-13.994164535871148
ep7416,30.311871915346735
ep7417,-13.994164535871148
ep7418,41.22202241015
ep7419,31.628153449845186
ep7420,-13.994164535871148
ep7421,29.00875319619327
ep7422,-13.994164535871148
ep7423,38.41170416418801
ep7424,31.628153449845186
ep7425,35.65731125132067
ep7426,-13.994164535871148
ep7427,37.02758712254613
ep7428,-13.994164535871148
ep7429,30.311871915346735
ep7430,29.00875319619327
ep7431,32.957730757419384
ep7432,30.311871915346735
ep7433,30.311871915346735
ep7434,29.00875319619327
ep7435,34.30073813880746
ep7436,-13.994164535871148
ep7437,-13.994164535871148
ep7438,30.311871915346735
ep7439,30.311871915346735
ep7440,-13.994164535871148
ep7441,-13.994164535871148
ep7442,32.957730757419384
ep7443,30.311871915346735
ep7444,30.311871915346735
ep7445,34.30073813880746
ep7446,34.30073813880746
ep7447,-13.994164535871148
ep7448,-13.994164535871148
ep7449,31.628153449845186
ep7450,35.65731125132067
ep7451,-13.994164535871148
ep7452,-13.994164535871148
ep7453,-13.994164535871148
ep7454,31.628153449845186
ep7455,-13.994164535871148
ep7456,41.22202241015
ep7457,-13.994164535871148
ep7458,-13.994164535871148
ep7459,30.311871915346735
ep7460,-13.994164535871148
ep7461,-13.994164535871148
ep7462,30.311871915346735
ep7463,-13.994164535871148
ep7464,-13.994164535871148
ep7465,-13.994164535871148
ep7466,35.65731125132067
ep7467,-13.994164535871148
ep7468,29.00875319619327
ep7469,37.02758712254613
ep7470,31.628153449845186
ep7471,-13.994164535871148
ep7472,-13.994164535871148
ep7473,-13.994164535871148
ep7474,32.957730757419384
ep7475,29.00875319619327
ep7476,31.628153449845186
ep7477,-13.994164535871148
ep7478,-13.994164535871148
ep7479,41.22202241015
ep7480,35.65731125132067
ep7481,-13.994164535871148
ep7482,-13.994164535871148
ep7483,31.628153449845186
ep7484,35.65731125132067
ep7485,-13.994164535871148
ep7486,-13.994164535871148
ep7487,41.22202241015
ep7488,-13.994164535871148
ep7489,30.311871915346735
ep7490,41.22202241015
ep7491,35.65731125132067
ep7492,-13.994164535871148
ep7493,30.311871915346735
ep7494,-13.994164535871148
ep7495,-13.994164535871148
ep7496,29.00875319619327
ep7497,29.00875319619327
ep7498,30.311871915346735
ep7499,-13.994164535871148
ep7500,35.65731125132067
ep7501,-13.994164535871148
ep7502,31.628153449845186
ep7503,29.00875319619327
ep7504,-13.994164535871148
ep7505,-13.994164535871148
ep7506,30.311871915346735
ep7507,29.00875319619327
ep7508,29.00875319619327
ep7509,-13.994164535871148
ep7510,-13.994164535871148
ep7511,35.65731125132067
ep7512,30.311871915346735
ep7513,-13.994164535871148
ep7514,-13.994164535871148
ep7515,-13.994164535871148
ep7516,32.957730757419384
ep7517,29.00875319619327
ep7518,31.628153449845186
ep7519,37.02758712254613
ep7520,-13.994164535871148
ep7521,32.957730757419384
ep7522,-13.994164535871148
ep7523,-13.994164535871148
ep7524,-13.994164535871148
ep7525,29.00875319619327
ep7526,-13.994164535871148
ep7527,-13.994164535871148
ep7528,34.30073813880746
ep7529,-13.994164535871148
ep7530,-13.994164535871148
ep7531,-13.994164535871148
ep7532,-13.994164535871148
ep7533,31.628153449845186
ep7534,-13.994164535871148
ep7535,31.628153449845186
ep7536,-13.994164535871148
ep7537,-13.994164535871148
ep7538,-13.994164535871148
ep7539,-13.994164535871148
ep7540,-13.994164535871148
ep7541,31.628153449845186
ep7542,-13.994164535871148
ep7543,37.02758712254613
ep7544,-13.994164535871148
ep7545,30.311871915346735
ep7546,32.957730757419384
ep7547,31.628153449845186
ep7548,-13.994164535871148
ep7549,30.311871915346735
ep7550,34.30073813880746
ep7551,-13.994164535871148
ep7552,35.65731125132067
ep7553,-13.994164535871148
ep7554,-13.994164535871148
ep7555,-13.994164535871148
ep7556,-13.994164535871148
ep7557,35.65731125132067
ep7558,30.311871915346735
ep7559,41.22202241015
ep7560,31.628153449845186
ep7561,41.22202241015
ep7562,29.00875319619327
ep7563,30.311871915346735
ep7564,-13.994164535871148
ep7565,30.311871915346735
ep7566,37.02758712254613
ep7567,38.41170416418801
ep7568,29.00875319619327
ep7569,-13.994164535871148
ep7570,37.02758712254613
ep7571,30.311871915346735
ep7572,30.311871915346735
ep7573,31.628153449845186
ep7574,-13.994164535871148
ep7575,35.65731125132067
ep7576,-13.994164535871148
ep7577,-13.994164535871148
ep7578,31.628153449845186
ep7579,32.957730757419384
ep7580,32.957730757419384
ep7581,31.628153449845186
ep7582,30.311871915346735
ep7583,29.00875319619327
ep7584,30.311871915346735
ep7585,-13.994164535871148
ep7586,34.30073813880746
ep7587,-13.994164535871148
ep7588,29.00875319619327
ep7589,-13.994164535871148
ep7590,-13.994164535871148
ep7591,34.30073813880746
ep7592,-13.994164535871148
ep7593,-13.994164535871148
ep7594,-13.994164535871148
ep7595,-13.994164535871148
ep7596,-13.994164535871148
ep7597,30.311871915346735
ep7598,-13.994164535871148
ep7599,30.311871915346735
ep7600,-13.994164535871148
ep7601,-13.994164535871148
ep7602,41.22202241015
ep7603,35.65731125132067
ep7604,-13.994164535871148
ep7605,-13.994164535871148
ep7606,-13.994164535871148
ep7607,37.02758712254613
ep7608,34.30073813880746
ep7609,35.65731125132067
ep7610,-13.994164535871148
ep7611,-13.994164535871148
ep7612,32.957730757419384
ep7613,-13.994164535871148
ep7614,35.65731125132067
ep7615,30.311871915346735
ep7616,38.41170416418801
ep7617,31.628153449845186
ep7618,31.628153449845186
ep7619,-13.994164535871148
ep7620,-13.994164535871148
ep7621,-13.994164535871148
ep7622,29.00875319619327
ep7623,31.628153449845186
ep7624,29.00875319619327
ep7625,37.02758712254613
ep7626,37.02758712254613
ep7627,-13.994164535871148
ep7628,-13.994164535871148
ep7629,-13.994164535871148
ep7630,-13.994164535871148
ep7631,-13.994164535871148
ep7632,-13.994164535871148
ep7633,-13.994164535871148
ep7634,-13.994164535871148
ep7635,-13.994164535871148
ep7636,-13.994164535871148
ep7637,31.628153449845186
ep7638,-13.994164535871148
ep7639,34.30073813880746
ep7640,38.41170416418801
ep7641,32.957730757419384
ep7642,-13.994164535871148
ep7643,-13.994164535871148
ep7644,29.00875319619327
ep7645,31.628153449845186
ep7646,35.65731125132067
ep7647,38.41170416418801
ep7648,31.628153449845186
ep7649,31.628153449845186
ep7650,-13.994164535871148
ep7651,34.30073813880746
ep7652,34.30073813880746
ep7653,29.00875319619327
ep7654,-13.994164535871148
ep7655,-13.994164535871148
ep7656,38.41170416418801
ep7657,37.02758712254613
ep7658,31.628153449845186
ep7659,-13.994164535871148
ep7660,30.311871915346735
ep7661,38.41170416418801
ep7662,-13.994164535871148
ep7663,-13.994164535871148
ep7664,30.311871915346735
ep7665,30.311871915346735
ep7666,-13.994164535871148
ep7667,-13.994164535871148
ep7668,-13.994164535871148
ep7669,37.02758712254613
ep7670,-13.994164535871148
ep7671,-13.994164535871148
ep7672,-13.994164535871148
ep7673,34.30073813880746
ep7674,34.30073813880746
ep7675,29.00875319619327
ep7676,35.65731125132067
ep7677,-13.994164535871148
ep7678,-13.994164535871148
ep7679,31.628153449845186
ep7680,30.311871915346735
ep7681,-13.994164535871148
ep7682,-13.994164535871148
ep7683,29.00875319619327
ep7684,32.957730757419384
ep7685,31.628153449845186
ep7686,-13.994164535871148
ep7687,34.30073813880746
ep7688,-13.994164535871148
ep7689,41.22202241015
ep7690,-13.994164535871148
ep7691,-13.994164535871148
ep7692,41.22202241015
ep7693,38.41170416418801
ep7694,34.30073813880746
ep7695,34.30073813880746
ep7696,29.00875319619327
ep7697,-13.994164535871148
ep7698,-13.994164535871148
ep7699,-13.994164535871148
ep7700,35.65731125132067
ep7701,37.02758712254613
ep7702,-13.994164535871148
ep7703,37.02758712254613
ep7704,35.65731125132067
ep7705,-13.994164535871148
ep7706,29.00875319619327
ep7707,32.957730757419384
ep7708,32.957730757419384
ep7709,29.00875319619327
ep7710,-13.994164535871148
ep7711,-13.994164535871148
ep7712,-13.994164535871148
ep7713,32.957730757419384
ep7714,32.957730757419384
ep7715,-13.994164535871148
ep7716,-13.994164535871148
ep7717,41.22202241015
ep7718,-13.994164535871148
ep7719,37.02758712254613
ep7720,35.65731125132067
ep7721,37.02758712254613
ep7722,-13.994164535871148
ep7723,34.30073813880746
ep7724,-13.994164535871148
ep7725,-13.994164535871148
ep7726,-13.994164535871148
ep7727,-13.994164535871148
ep7728,-13.994164535871148
ep7729,30.311871915346735
ep7730,-13.994164535871148
ep7731,39.80980218604849
ep7732,-13.994164535871148
ep7733,41.22202241015
ep7734,30.311871915346735
ep7735,37.02758712254613
ep7736,31.628153449845186
ep7737,32.957730757419384
ep7738,41.22202241015
ep7739,37.02758712254613
ep7740,-13.994164535871148
ep7741,32.957730757419384
ep7742,29.00875319619327
ep7743,-13.994164535871148
ep7744,-13.994164535871148
ep7745,-13.994164535871148
ep7746,37.02758712254613
ep7747,41.22202241015
ep7748,-13.994164535871148
ep7749,32.957730757419384
ep7750,31.628153449845186
ep7751,38.41170416418801
ep7752,30.311871915346735
ep7753,-13.994164535871148
ep7754,30.311871915346735
ep7755,32.957730757419384
ep7756,-13.994164535871148
ep7757,-13.994164535871148
ep7758,-13.994164535871148
ep7759,30.311871915346735
ep7760,-13.994164535871148
ep7761,-13.994164535871148
ep7762,-13.994164535871148
ep7763,-13.994164535871148
ep7764,-13.994164535871148
ep7765,31.628153449845186
ep7766,34.30073813880746
ep7767,30.311871915346735
ep7768,-13.994164535871148
ep7769,31.628153449845186
ep7770,38.41170416418801
ep7771,29.00875319619327
ep7772,-13.994164535871148
ep7773,29.00875319619327
ep7774,-13.994164535871148
ep7775,31.628153449845186
ep7776,31.628153449845186
ep7777,-13.994164535871148
ep7778,35.65731125132067
ep7779,31.628153449845186
ep7780,-13.994164535871148
ep7781,35.65731125132067
ep7782,-13.994164535871148
ep7783,39.80980218604849
ep7784,-13.994164535871148
ep7785,34.30073813880746
ep7786,29.00875319619327
ep7787,-13.994164535871148
ep7788,-13.994164535871148
ep7789,-13.994164535871148
ep7790,-13.994164535871148
ep7791,41.22202241015
ep7792,35.65731125132067
ep7793,-13.994164535871148
ep7794,-13.994164535871148
ep7795,30.311871915346735
ep7796,35.65731125132067
ep7797,34.30073813880746
ep7798,-13.994164535871148
ep7799,30.311871915346735
ep7800,-13.994164535871148
ep7801,38.41170416418801
ep7802,-13.994164535871148
ep7803,37.02758712254613
ep7804,38.41170416418801
ep7805,-13.994164535871148
ep7806,34.30073813880746
ep7807,32.957730757419384
ep7808,39.80980218604849
ep7809,32.957730757419384
ep7810,-13.994164535871148
ep7811,30.311871915346735
ep7812,41.22202241015
ep7813,32.957730757419384
ep7814,30.311871915346735
ep7815,-13.994164535871148
ep7816,37.02758712254613
ep7817,35.65731125132067
ep7818,-13.994164535871148
ep7819,35.65731125132067
ep7820,-13.994164535871148
ep7821,35.65731125132067
ep7822,31.628153449845186
ep7823,-13.994164535871148
ep7824,-13.994164535871148
ep7825,-13.994164535871148
ep7826,31.628153449845186
ep7827,37.02758712254613
ep7828,34.30073813880746
ep7829,30.311871915346735
ep7830,34.30073813880746
ep7831,-13.994164535871148
ep7832,-13.994164535871148
ep7833,-13.994164535871148
ep7834,-13.994164535871148
ep7835,30.311871915346735
ep7836,-13.994164535871148
ep7837,29.00875319619327
ep7838,-13.994164535871148
ep7839,-13.994164535871148
ep7840,29.00875319619327
ep7841,-13.994164535871148
ep7842,-13.994164535871148
ep7843,31.628153449845186
ep7844,29.00875319619327
ep7845,-13.994164535871148
ep7846,-13.994164535871148
ep7847,30.311871915346735
ep7848,32.957730757419384
ep7849,32.957730757419384
ep7850,-13.994164535871148
ep7851,35.65731125132067
ep7852,34.30073813880746
ep7853,39.80980218604849
ep7854,-13.994164535871148
ep7855,-13.994164535871148
ep7856,31.628153449845186
ep7857,-13.994164535871148
ep7858,-13.994164535871148
ep7859,32.957730757419384
ep7860,-13.994164535871148
ep7861,31.628153449845186
ep7862,37.02758712254613
ep7863,-13.994164535871148
ep7864,-13.994164535871148
ep7865,-13.994164535871148
ep7866,30.311871915346735
ep7867,-13.994164535871148
ep7868,-13.994164535871148
ep7869,38.41170416418801
ep7870,32.957730757419384
ep7871,32.957730757419384
ep7872,41.22202241015
ep7873,30.311871915346735
ep7874,30.311871915346735
ep7875,38.41170416418801
ep7876,-13.994164535871148
ep7877,30.311871915346735
ep7878,-13.994164535871148
ep7879,-13.994164535871148
ep7880,35.65731125132067
ep7881,38.41170416418801
ep7882,-13.994164535871148
ep7883,41.22202241015
ep7884,-13.994164535871148
ep7885,31.628153449845186
ep7886,-13.994164535871148
ep7887,39.80980218604849
ep7888,-13.994164535871148
ep7889,-13.994164535871148
ep7890,35.65731125132067
ep7891,29.00875319619327
ep7892,-13.994164535871148
ep7893,29.00875319619327
ep7894,-13.994164535871148
ep7895,-13.994164535871148
ep7896,32.957730757419384
ep7897,38.41170416418801
ep7898,-13.994164535871148
ep7899,41.22202241015
ep7900,29.00875319619327
ep7901,-13.994164535871148
ep7902,34.30073813880746
ep7903,32.957730757419384
ep7904,-13.994164535871148
ep7905,37.02758712254613
ep7906,37.02758712254613
ep7907,-13.994164535871148
ep7908,32.957730757419384
ep7909,29.00875319619327
ep7910,31.628153449845186
ep7911,32.957730757419384
ep7912,-13.994164535871148
ep7913,-13.994164535871148
ep7914,32.957730757419384
ep7915,-13.994164535871148
ep7916,35.65731125132067
ep7917,29.00875319619327
ep7918,-13.994164535871148
ep7919,37.02758712254613
ep7920,-13.994164535871148
ep7921,38.41170416418801
ep7922,34.30073813880746
ep7923,32.957730757419384
ep7924,38.41170416418801
ep7925,38.41170416418801
ep7926,-13.994164535871148
ep7927,34.30073813880746
ep7928,-13.994164535871148
ep7929,30.311871915346735
ep7930,-13.994164535871148
ep7931,-13.994164535871148
ep7932,-13.994164535871148
ep7933,32.957730757419384
ep7934,-13.994164535871148
ep7935,30.311871915346735
ep7936,-13.994164535871148
ep7937,35.65731125132067
ep7938,-13.994164535871148
ep7939,31.628153449845186
ep7940,38.41170416418801
ep7941,38.41170416418801
ep7942,-13.994164535871148
ep7943,30.311871915346735
ep7944,32.957730757419384
ep7945,35.65731125132067
ep7946,35.65731125132067
ep7947,32.957730757419384
ep7948,30.311871915346735
ep7949,-13.994164535871148
ep7950,-13.994164535871148
ep7951,-13.994164535871148
ep7952,-13.994164535871148
ep7953,-13.994164535871148
ep7954,38.41170416418801
ep7955,38.41170416418801
ep7956,-13.994164535871148
ep7957,-13.994164535871148
ep7958,32.957730757419384
ep7959,-13.994164535871148
ep7960,35.65731125132067
ep7961,30.311871915346735
ep7962,29.00875319619327
ep7963,-13.994164535871148
ep7964,31.628153449845186
ep7965,-13.994164535871148
ep7966,41.22202241015
ep7967,-13.994164535871148
ep7968,34.30073813880746
ep7969,31.628153449845186
ep7970,-13.994164535871148
ep7971,-13.994164535871148
ep7972,-13.994164535871148
ep7973,41.22202241015
ep7974,-13.994164535871148
ep7975,-13.994164535871148
ep7976,29.00875319619327
ep7977,37.02758712254613
ep7978,-13.994164535871148
ep7979,32.957730757419384
ep7980,-13.994164535871148
ep7981,30.311871915346735
ep7982,-13.994164535871148
ep7983,-13.994164535871148
ep7984,35.65731125132067
ep7985,37.02758712254613
ep7986,-13.994164535871148
ep7987,32.957730757419384
ep7988,34.30073813880746
ep7989,31.628153449845186
ep7990,30.311871915346735
ep7991,-13.994164535871148
ep7992,-13.994164535871148
ep7993,-13.994164535871148
ep7994,-13.994164535871148
ep7995,38.41170416418801
ep7996,-13.994164535871148
ep7997,32.957730757419384
ep7998,29.00875319619327
ep7999,-13.994164535871148
ep8000,-13.994164535871148
ep8001,-13.994164535871148
ep8002,-13.994164535871148
ep8003,32.957730757419384
ep8004,32.957730757419384
ep8005,30.311871915346735
ep8006,31.628153449845186
ep8007,37.02758712254613
ep8008,-13.994164535871148
ep8009,-13.994164535871148
ep8010,38.41170416418801
ep8011,-13.994164535871148
ep8012,-13.994164535871148
ep8013,30.311871915346735
ep8014,-13.994164535871148
ep8015,34.30073813880746
ep8016,35.65731125132067
ep8017,37.02758712254613
ep8018,-13.994164535871148
ep8019,-13.994164535871148
ep8020,35.65731125132067
ep8021,-13.994164535871148
ep8022,30.311871915346735
ep8023,-13.994164535871148
ep8024,-13.994164535871148
ep8025,31.628153449845186
ep8026,34.30073813880746
ep8027,30.311871915346735
ep8028,31.628153449845186
ep8029,-13.994164535871148
ep8030,37.02758712254613
ep8031,37.02758712254613
ep8032,35.65731125132067
ep8033,32.957730757419384
ep8034,30.311871915346735
ep8035,-13.994164535871148
ep8036,31.628153449845186
ep8037,-13.994164535871148
ep8038,41.22202241015
ep8039,-13.994164535871148
ep8040,38.41170416418801
ep8041,-13.994164535871148
ep8042,34.30073813880746
ep8043,-13.994164535871148
ep8044,37.02758712254613
ep8045,-13.994164535871148
ep8046,29.00875319619327
ep8047,29.00875319619327
ep8048,29.00875319619327
ep8049,-13.994164535871148
ep8050,35.65731125132067
ep8051,32.957730757419384
ep8052,30.311871915346735
ep8053,31.628153449845186
ep8054,-13.994164535871148
ep8055,32.957730757419384
ep8056,29.00875319619327
ep8057,30.311871915346735
ep8058,-13.994164535871148
ep8059,-13.994164535871148
ep8060,-13.994164535871148
ep8061,34.30073813880746
ep8062,-13.994164535871148
ep8063,-13.994164535871148
ep8064,-13.994164535871148
ep8065,32.957730757419384
ep8066,32.957730757419384
ep8067,30.311871915346735
ep8068,-13.994164535871148
ep8069,-13.994164535871148
ep8070,39.80980218604849
ep8071,29.00875319619327
ep8072,29.00875319619327
ep8073,-13.994164535871148
ep8074,-13.994164535871148
ep8075,29.00875319619327
ep8076,-13.994164535871148
ep8077,29.00875319619327
ep8078,-13.994164535871148
ep8079,35.65731125132067
ep8080,32.957730757419384
ep8081,-13.994164535871148
ep8082,-13.994164535871148
ep8083,-13.994164535871148
ep8084,29.00875319619327
ep8085,32.957730757419384
ep8086,39.80980218604849
ep8087,38.41170416418801
ep8088,32.957730757419384
ep8089,32.957730757419384
ep8090,29.00875319619327
ep8091,29.00875319619327
ep8092,-13.994164535871148
ep8093,30.311871915346735
ep8094,-13.994164535871148
ep8095,37.02758712254613
ep8096,35.65731125132067
ep8097,41.22202241015
ep8098,39.80980218604849
ep8099,-13.994164535871148
ep8100,-13.994164535871148
ep8101,30.311871915346735
ep8102,-13.994164535871148
ep8103,-13.994164535871148
ep8104,-13.994164535871148
ep8105,-13.994164535871148
ep8106,30.311871915346735
ep8107,-13.994164535871148
ep8108,30.311871915346735
ep8109,32.957730757419384
ep8110,38.41170416418801
ep8111,35.65731125132067
ep8112,38.41170416418801
ep8113,-13.994164535871148
ep8114,30.311871915346735
ep8115,30.311871915346735
ep8116,34.30073813880746
ep8117,32.957730757419384
ep8118,-13.994164535871148
ep8119,-13.994164535871148
ep8120,41.22202241015
ep8121,30.311871915346735
ep8122,30.311871915346735
ep8123,-13.994164535871148
ep8124,-13.994164535871148
ep8125,-13.994164535871148
ep8126,34.30073813880746
ep8127,-13.994164535871148
ep8128,34.30073813880746
ep8129,30.311871915346735
ep8130,34.30073813880746
ep8131,34.30073813880746
ep8132,29.00875319619327
ep8133,30.311871915346735
ep8134,41.22202241015
ep8135,-13.994164535871148
ep8136,39.80980218604849
ep8137,-13.994164535871148
ep8138,38.41170416418801
ep8139,-13.994164535871148
ep8140,-13.994164535871148
ep8141,32.957730757419384
ep8142,29.00875319619327
ep8143,-13.994164535871148
ep8144,-13.994164535871148
ep8145,-13.994164535871148
ep8146,-13.994164535871148
ep8147,-13.994164535871148
ep8148,-13.994164535871148
ep8149,30.311871915346735
ep8150,-13.994164535871148
ep8151,30.311871915346735
ep8152,29.00875319619327
ep8153,-13.994164535871148
ep8154,-13.994164535871148
ep8155,41.22202241015
ep8156,-13.994164535871148
ep8157,37.02758712254613
ep8158,31.628153449845186
ep8159,-13.994164535871148
ep8160,30.311871915346735
ep8161,30.311871915346735
ep8162,-13.994164535871148
ep8163,-13.994164535871148
ep8164,34.30073813880746
ep8165,29.00875319619327
ep8166,-13.994164535871148
ep8167,32.957730757419384
ep8168,32.957730757419384
ep8169,-13.994164535871148
ep8170,34.30073813880746
ep8171,-13.994164535871148
ep8172,-13.994164535871148
ep8173,30.311871915346735
ep8174,-13.994164535871148
ep8175,31.628153449845186
ep8176,31.628153449845186
ep8177,38.41170416418801
ep8178,-13.994164535871148
ep8179,-13.994164535871148
ep8180,30.311871915346735
ep8181,34.30073813880746
ep8182,34.30073813880746
ep8183,34.30073813880746
ep8184,30.311871915346735
ep8185,-13.994164535871148
ep8186,-13.994164535871148
ep8187,29.00875319619327
ep8188,-13.994164535871148
ep8189,31.628153449845186
ep8190,30.311871915346735
ep8191,-13.994164535871148
ep8192,30.311871915346735
ep8193,-13.994164535871148
ep8194,41.22202241015
ep8195,32.957730757419384
ep8196,35.65731125132067
ep8197,38.41170416418801
ep8198,35.65731125132067
ep8199,-13.994164535871148
ep8200,32.957730757419384
ep8201,-13.994164535871148
ep8202,32.957730757419384
ep8203,31.628153449845186
ep8204,-13.994164535871148
ep8205,32.957730757419384
ep8206,35.65731125132067
ep8207,-13.994164535871148
ep8208,41.22202241015
ep8209,-13.994164535871148
ep8210,-13.994164535871148
ep8211,-13.994164535871148
ep8212,31.628153449845186
ep8213,35.65731125132067
ep8214,-13.994164535871148
ep8215,-13.994164535871148
ep8216,31.628153449845186
ep8217,-13.994164535871148
ep8218,-13.994164535871148
ep8219,-13.994164535871148
ep8220,-13.994164535871148
ep8221,30.311871915346735
ep8222,-13.994164535871148
ep8223,-13.994164535871148
ep8224,34.30073813880746
ep8225,32.957730757419384
ep8226,-13.994164535871148
ep8227,35.65731125132067
ep8228,-13.994164535871148
ep8229,32.957730757419384
ep8230,-13.994164535871148
ep8231,-13.994164535871148
ep8232,-13.994164535871148
ep8233,-13.994164535871148
ep8234,30.311871915346735
ep8235,38.41170416418801
ep8236,32.957730757419384
ep8237,-13.994164535871148
ep8238,41.22202241015
ep8239,35.65731125132067
ep8240,-13.994164535871148
ep8241,-13.994164535871148
ep8242,35.65731125132067
ep8243,34.30073813880746
ep8244,-13.994164535871148
ep8245,30.311871915346735
ep8246,-13.994164535871148
ep8247,30.311871915346735
ep8248,-13.994164535871148
ep8249,32.957730757419384
ep8250,35.65731125132067
ep8251,-13.994164535871148
ep8252,-13.994164535871148
ep8253,-13.994164535871148
ep8254,-13.994164535871148
ep8255,41.22202241015
ep8256,34.30073813880746
ep8257,30.311871915346735
ep8258,-13.994164535871148
ep8259,-13.994164535871148
ep8260,41.22202241015
ep8261,-13.994164535871148
ep8262,-13.994164535871148
ep8263,31.628153449845186
ep8264,41.22202241015
ep8265,31.628153449845186
ep8266,30.311871915346735
ep8267,29.00875319619327
ep8268,32.957730757419384
ep8269,-13.994164535871148
ep8270,32.957730757419384
ep8271,-13.994164535871148
ep8272,-13.994164535871148
ep8273,38.41170416418801
ep8274,-13.994164535871148
ep8275,31.628153449845186
ep8276,-13.994164535871148
ep8277,-13.994164535871148
ep8278,-13.994164535871148
ep8279,38.41170416418801
ep8280,-13.994164535871148
ep8281,30.311871915346735
ep8282,-13.994164535871148
ep8283,-13.994164535871148
ep8284,30.311871915346735
ep8285,41.22202241015
ep8286,-13.994164535871148
ep8287,34.30073813880746
ep8288,29.00875319619327
ep8289,32.957730757419384
ep8290,-13.994164535871148
ep8291,41.22202241015
ep8292,30.311871915346735
ep8293,32.957730757419384
ep8294,-13.994164535871148
ep8295,32.957730757419384
ep8296,34.30073813880746
ep8297,-13.994164535871148
ep8298,32.957730757419384
ep8299,35.65731125132067
ep8300,31.628153449845186
ep8301,30.311871915346735
ep8302,35.65731125132067
ep8303,39.80980218604849
ep8304,31.628153449845186
ep8305,35.65731125132067
ep8306,-13.994164535871148
ep8307,-13.994164535871148
ep8308,-13.994164535871148
ep8309,30.311871915346735
ep8310,32.957730757419384
ep8311,41.22202241015
ep8312,32.957730757419384
ep8313,-13.994164535871148
ep8314,29.00875319619327
ep8315,30.311871915346735
ep8316,30.311871915346735
ep8317,32.957730757419384
ep8318,32.957730757419384
ep8319,-13.994164535871148
ep8320,-13.994164535871148
ep8321,34.30073813880746
ep8322,-13.994164535871148
ep8323,29.00875319619327
ep8324,-13.994164535871148
ep8325,32.957730757419384
ep8326,37.02758712254613
ep8327,-13.994164535871148
ep8328,34.30073813880746
ep8329,32.957730757419384
ep8330,35.65731125132067
ep8331,-13.994164535871148
ep8332,35.65731125132067
ep8333,38.41170416418801
ep8334,31.628153449845186
ep8335,-13.994164535871148
ep8336,37.02758712254613
ep8337,30.311871915346735
ep8338,32.957730757419384
ep8339,35.65731125132067
ep8340,-13.994164535871148
ep8341,-13.994164535871148
ep8342,38.41170416418801
ep8343,30.311871915346735
ep8344,31.628153449845186
ep8345,-13.994164535871148
ep8346,34.30073813880746
ep8347,39.80980218604849
ep8348,-13.994164535871148
ep8349,34.30073813880746
ep8350,37.02758712254613
ep8351,41.22202241015
ep8352,-13.994164535871148
ep8353,-13.994164535871148
ep8354,-13.994164535871148
ep8355,-13.994164535871148
ep8356,34.30073813880746
ep8357,-13.994164535871148
ep8358,-13.994164535871148
ep8359,38.41170416418801
ep8360,35.65731125132067
ep8361,31.628153449845186
ep8362,-13.994164535871148
ep8363,-13.994164535871148
ep8364,-13.994164535871148
ep8365,34.30073813880746
ep8366,-13.994164535871148
ep8367,35.65731125132067
ep8368,38.41170416418801
ep8369,-13.994164535871148
ep8370,30.311871915346735
ep8371,29.00875319619327
ep8372,41.22202241015
ep8373,30.311871915346735
ep8374,-13.994164535871148
ep8375,32.957730757419384
ep8376,-13.994164535871148
ep8377,-13.994164535871148
ep8378,-13.994164535871148
ep8379,29.00875319619327
ep8380,30.311871915346735
ep8381,-13.994164535871148
ep8382,30.311871915346735
ep8383,32.957730757419384
ep8384,-13.994164535871148
ep8385,31.628153449845186
ep8386,32.957730757419384
ep8387,-13.994164535871148
ep8388,39.80980218604849
ep8389,34.30073813880746
ep8390,-13.994164535871148
ep8391,39.80980218604849
ep8392,30.311871915346735
ep8393,30.311871915346735
ep8394,-13.994164535871148
ep8395,-13.994164535871148
ep8396,-13.994164535871148
ep8397,32.957730757419384
ep8398,30.311871915346735
ep8399,37.02758712254613
ep8400,30.311871915346735
ep8401,31.628153449845186
ep8402,34.30073813880746
ep8403,35.65731125132067
ep8404,30.311871915346735
ep8405,30.311871915346735
ep8406,35.65731125132067
ep8407,-13.994164535871148
ep8408,31.628153449845186
ep8409,-13.994164535871148
ep8410,29.00875319619327
ep8411,31.628153449845186
ep8412,-13.994164535871148
ep8413,-13.994164535871148
ep8414,29.00875319619327
ep8415,-13.994164535871148
ep8416,-13.994164535871148
ep8417,-13.994164535871148
ep8418,32.957730757419384
ep8419,-13.994164535871148
ep8420,-13.994164535871148
ep8421,-13.994164535871148
ep8422,30.311871915346735
ep8423,30.311871915346735
ep8424,-13.994164535871148
ep8425,-13.994164535871148
ep8426,29.00875319619327
ep8427,-13.994164535871148
ep8428,-13.994164535871148
ep8429,-13.994164535871148
ep8430,29.00875319619327
ep8431,-13.994164535871148
ep8432,37.02758712254613
ep8433,-13.994164535871148
ep8434,38.41170416418801
ep8435,34.30073813880746
ep8436,41.22202241015
ep8437,32.957730757419384
ep8438,-13.994164535871148
ep8439,32.957730757419384
ep8440,-13.994164535871148
ep8441,38.41170416418801
ep8442,30.311871915346735
ep8443,-13.994164535871148
ep8444,29.00875319619327
ep8445,31.628153449845186
ep8446,-13.994164535871148
ep8447,30.311871915346735
ep8448,-13.994164535871148
ep8449,-13.994164535871148
ep8450,34.30073813880746
ep8451,32.957730757419384
ep8452,-13.994164535871148
ep8453,-13.994164535871148
ep8454,38.41170416418801
ep8455,31.628153449845186
ep8456,35.65731125132067
ep8457,31.628153449845186
ep8458,-13.994164535871148
ep8459,34.30073813880746
ep8460,-13.994164535871148
ep8461,30.311871915346735
ep8462,-13.994164535871148
ep8463,29.00875319619327
ep8464,41.22202241015
ep8465,-13.994164535871148
ep8466,-13.994164535871148
ep8467,-13.994164535871148
ep8468,29.00875319619327
ep8469,35.65731125132067
ep8470,35.65731125132067
ep8471,-13.994164535871148
ep8472,-13.994164535871148
ep8473,38.41170416418801
ep8474,-13.994164535871148
ep8475,-13.994164535871148
ep8476,-13.994164535871148
ep8477,41.22202241015
ep8478,-13.994164535871148
ep8479,30.311871915346735
ep8480,-13.994164535871148
ep8481,-13.994164535871148
ep8482,-13.994164535871148
ep8483,34.30073813880746
ep8484,34.30073813880746
ep8485,34.30073813880746
ep8486,32.957730757419384
ep8487,31.628153449845186
ep8488,-13.994164535871148
ep8489,32.957730757419384
ep8490,-13.994164535871148
ep8491,34.30073813880746
ep8492,35.65731125132067
ep8493,-13.994164535871148
ep8494,30.311871915346735
ep8495,-13.994164535871148
ep8496,-13.994164535871148
ep8497,-13.994164535871148
ep8498,-13.994164535871148
ep8499,39.80980218604849
ep8500,41.22202241015
ep8501,-13.994164535871148
ep8502,37.02758712254613
ep8503,-13.994164535871148
ep8504,-13.994164535871148
ep8505,31.628153449845186
ep8506,34.30073813880746
ep8507,-13.994164535871148
ep8508,37.02758712254613
ep8509,35.65731125132067
ep8510,34.30073813880746
ep8511,41.22202241015
ep8512,30.311871915346735
ep8513,-13.994164535871148
ep8514,-13.994164535871148
ep8515,37.02758712254613
ep8516,35.65731125132067
ep8517,-13.994164535871148
ep8518,35.65731125132067
ep8519,30.311871915346735
ep8520,31.628153449845186
ep8521,32.957730757419384
ep8522,-13.994164535871148
ep8523,37.02758712254613
ep8524,-13.994164535871148
ep8525,31.628153449845186
ep8526,35.65731125132067
ep8527,30.311871915346735
ep8528,-13.994164535871148
ep8529,35.65731125132067
ep8530,29.00875319619327
ep8531,-13.994164535871148
ep8532,-13.994164535871148
ep8533,34.30073813880746
ep8534,39.80980218604849
ep8535,-13.994164535871148
ep8536,-13.994164535871148
ep8537,39.80980218604849
ep8538,-13.994164535871148
ep8539,38.41170416418801
ep8540,32.957730757419384
ep8541,41.22202241015
ep8542,30.311871915346735
ep8543,-13.994164535871148
ep8544,32.957730757419384
ep8545,-13.994164535871148
ep8546,29.00875319619327
ep8547,30.311871915346735
ep8548,-13.994164535871148
ep8549,35.65731125132067
ep8550,-13.994164535871148
ep8551,34.30073813880746
ep8552,-13.994164535871148
ep8553,-13.994164535871148
ep8554,32.957730757419384
ep8555,35.65731125132067
ep8556,-13.994164535871148
ep8557,39.80980218604849
ep8558,35.65731125132067
ep8559,30.311871915346735
ep8560,-13.994164535871148
ep8561,-13.994164535871148
ep8562,34.30073813880746
ep8563,41.22202241015
ep8564,-13.994164535871148
ep8565,31.628153449845186
ep8566,-13.994164535871148
ep8567,-13.994164535871148
ep8568,-13.994164535871148
ep8569,-13.994164535871148
ep8570,29.00875319619327
ep8571,-13.994164535871148
ep8572,35.65731125132067
ep8573,-13.994164535871148
ep8574,37.02758712254613
ep8575,31.628153449845186
ep8576,-13.994164535871148
ep8577,32.957730757419384
ep8578,35.65731125132067
ep8579,-13.994164535871148
ep8580,29.00875319619327
ep8581,34.30073813880746
ep8582,31.628153449845186
ep8583,35.65731125132067
ep8584,-13.994164535871148
ep8585,31.628153449845186
ep8586,34.30073813880746
ep8587,41.22202241015
ep8588,38.41170416418801
ep8589,31.628153449845186
ep8590,30.311871915346735
ep8591,-13.994164535871148
ep8592,30.311871915346735
ep8593,32.957730757419384
ep8594,30.311871915346735
ep8595,31.628153449845186
ep8596,-13.994164535871148
ep8597,-13.994164535871148
ep8598,30.311871915346735
ep8599,34.30073813880746
ep8600,31.628153449845186
ep8601,32.957730757419384
ep8602,31.628153449845186
ep8603,41.22202241015
ep8604,32.957730757419384
ep8605,30.311871915346735
ep8606,30.311871915346735
ep8607,-13.994164535871148
ep8608,37.02758712254613
ep8609,29.00875319619327
ep8610,-13.994164535871148
ep8611,38.41170416418801
ep8612,-13.994164535871148
ep8613,31.628153449845186
ep8614,35.65731125132067
ep8615,30.311871915346735
ep8616,-13.994164535871148
ep8617,-13.994164535871148
ep8618,-13.994164535871148
ep8619,-13.994164535871148
ep8620,32.957730757419384
ep8621,-13.994164535871148
ep8622,32.957730757419384
ep8623,-13.994164535871148
ep8624,31.628153449845186
ep8625,-13.994164535871148
ep8626,-13.994164535871148
ep8627,-13.994164535871148
ep8628,-13.994164535871148
ep8629,31.628153449845186
ep8630,31.628153449845186
ep8631,37.02758712254613
ep8632,-13.994164535871148
ep8633,34.30073813880746
ep8634,31.628153449845186
ep8635,39.80980218604849
ep8636,38.41170416418801
ep8637,30.311871915346735
ep8638,32.957730757419384
ep8639,38.41170416418801
ep8640,38.41170416418801
ep8641,32.957730757419384
ep8642,-13.994164535871148
ep8643,-13.994164535871148
ep8644,30.311871915346735
ep8645,39.80980218604849
ep8646,-13.994164535871148
ep8647,-13.994164535871148
ep8648,29.00875319619327
ep8649,-13.994164535871148
ep8650,31.628153449845186
ep8651,35.65731125132067
ep8652,30.311871915346735
ep8653,29.00875319619327
ep8654,29.00875319619327
ep8655,-13.994164535871148
ep8656,-13.994164535871148
ep8657,29.00875319619327
ep8658,38.41170416418801
ep8659,-13.994164535871148
ep8660,31.628153449845186
ep8661,-13.994164535871148
ep8662,34.30073813880746
ep8663,-13.994164535871148
ep8664,-13.994164535871148
ep8665,39.80980218604849
ep8666,-13.994164535871148
ep8667,31.628153449845186
ep8668,-13.994164535871148
ep8669,41.22202241015
ep8670,39.80980218604849
ep8671,34.30073813880746
ep8672,29.00875319619327
ep8673,-13.994164535871148
ep8674,-13.994164535871148
ep8675,-13.994164535871148
ep8676,30.311871915346735
ep8677,-13.994164535871148
ep8678,30.311871915346735
ep8679,32.957730757419384
ep8680,-13.994164535871148
ep8681,-13.994164535871148
ep8682,-13.994164535871148
ep8683,-13.994164535871148
ep8684,32.957730757419384
ep8685,38.41170416418801
ep8686,-13.994164535871148
ep8687,-13.994164535871148
ep8688,35.65731125132067
ep8689,37.02758712254613
ep8690,37.02758712254613
ep8691,-13.994164535871148
ep8692,-13.994164535871148
ep8693,34.30073813880746
ep8694,30.311871915346735
ep8695,41.22202241015
ep8696,-13.994164535871148
ep8697,-13.994164535871148
ep8698,29.00875319619327
ep8699,30.311871915346735
ep8700,32.957730757419384
ep8701,37.02758712254613
ep8702,34.30073813880746
ep8703,41.22202241015
ep8704,-13.994164535871148
ep8705,34.30073813880746
ep8706,-13.994164535871148
ep8707,-13.994164535871148
ep8708,-13.994164535871148
ep8709,34.30073813880746
ep8710,29.00875319619327
ep8711,30.311871915346735
ep8712,38.41170416418801
ep8713,31.628153449845186
ep8714,29.00875319619327
ep8715,-13.994164535871148
ep8716,-13.994164535871148
ep8717,32.957730757419384
ep8718,30.311871915346735
ep8719,31.628153449845186
ep8720,-13.994164535871148
ep8721,32.957730757419384
ep8722,-13.994164535871148
ep8723,-13.994164535871148
ep8724,30.311871915346735
ep8725,-13.994164535871148
ep8726,-13.994164535871148
ep8727,-13.994164535871148
ep8728,-13.994164535871148
ep8729,-13.994164535871148
ep8730,30.311871915346735
ep8731,31.628153449845186
ep8732,32.957730757419384
ep8733,32.957730757419384
ep8734,-13.994164535871148
ep8735,30.311871915346735
ep8736,29.00875319619327
ep8737,-13.994164535871148
ep8738,37.02758712254613
ep8739,-13.994164535871148
ep8740,-13.994164535871148
ep8741,30.311871915346735
ep8742,30.311871915346735
ep8743,32.957730757419384
ep8744,31.628153449845186
ep8745,-13.994164535871148
ep8746,-13.994164535871148
ep8747,-13.994164535871148
ep8748,34.30073813880746
ep8749,35.65731125132067
ep8750,30.311871915346735
ep8751,41.22202241015
ep8752,32.957730757419384
ep8753,-13.994164535871148
ep8754,34.30073813880746
ep8755,31.628153449845186
ep8756,30.311871915346735
ep8757,38.41170416418801
ep8758,32.957730757419384
ep8759,-13.994164535871148
ep8760,-13.994164535871148
ep8761,32.957730757419384
ep8762,31.628153449845186
ep8763,-13.994164535871148
ep8764,-13.994164535871148
ep8765,29.00875319619327
ep8766,-13.994164535871148
ep8767,32.957730757419384
ep8768,34.30073813880746
ep8769,34.30073813880746
ep8770,30.311871915346735
ep8771,35.65731125132067
ep8772,-13.994164535871148
ep8773,34.30073813880746
ep8774,39.80980218604849
ep8775,34.30073813880746
ep8776,31.628153449845186
ep8777,37.02758712254613
ep8778,34.30073813880746
ep8779,35.65731125132067
ep8780,-13.994164535871148
ep8781,-13.994164535871148
ep8782,30.311871915346735
ep8783,-13.994164535871148
ep8784,29.00875319619327
ep8785,34.30073813880746
ep8786,29.00875319619327
ep8787,-13.994164535871148
ep8788,37.02758712254613
ep8789,-13.994164535871148
ep8790,-13.994164535871148
ep8791,-13.994164535871148
ep8792,-13.994164535871148
ep8793,-13.994164535871148
ep8794,32.957730757419384
ep8795,41.22202241015
ep8796,34.30073813880746
ep8797,-13.994164535871148
ep8798,30.311871915346735
ep8799,35.65731125132067
ep8800,30.311871915346735
ep8801,-13.994164535871148
ep8802,29.00875319619327
ep8803,41.22202241015
ep8804,-13.994164535871148
ep8805,31.628153449845186
ep8806,-13.994164535871148
ep8807,29.00875319619327
ep8808,34.30073813880746
ep8809,32.957730757419384
ep8810,-13.994164535871148
ep8811,35.65731125132067
ep8812,31.628153449845186
ep8813,30.311871915346735
ep8814,-13.994164535871148
ep8815,32.957730757419384
ep8816,-13.994164535871148
ep8817,-13.994164535871148
ep8818,-13.994164535871148
ep8819,30.311871915346735
ep8820,30.311871915346735
ep8821,-13.994164535871148
ep8822,30.311871915346735
ep8823,-13.994164535871148
ep8824,-13.994164535871148
ep8825,-13.994164535871148
ep8826,-13.994164535871148
ep8827,-13.994164535871148
ep8828,-13.994164535871148
ep8829,-13.994164535871148
ep8830,38.41170416418801
ep8831,-13.994164535871148
ep8832,38.41170416418801
ep8833,-13.994164535871148
ep8834,-13.994164535871148
ep8835,30.311871915346735
ep8836,-13.994164535871148
ep8837,35.65731125132067
ep8838,-13.994164535871148
ep8839,32.957730757419384
ep8840,-13.994164535871148
ep8841,-13.994164535871148
ep8842,-13.994164535871148
ep8843,-13.994164535871148
ep8844,-13.994164535871148
ep8845,30.311871915346735
ep8846,31.628153449845186
ep8847,32.957730757419384
ep8848,34.30073813880746
ep8849,-13.994164535871148
ep8850,30.311871915346735
ep8851,30.311871915346735
ep8852,38.41170416418801
ep8853,-13.994164535871148
ep8854,37.02758712254613
ep8855,30.311871915346735
ep8856,30.311871915346735
ep8857,-13.994164535871148
ep8858,32.957730757419384
ep8859,-13.994164535871148
ep8860,-13.994164535871148
ep8861,38.41170416418801
ep8862,-13.994164535871148
ep8863,30.311871915346735
ep8864,30.311871915346735
ep8865,35.65731125132067
ep8866,-13.994164535871148
ep8867,37.02758712254613
ep8868,-13.994164535871148
ep8869,29.00875319619327
ep8870,35.65731125132067
ep8871,30.311871915346735
ep8872,-13.994164535871148
ep8873,-13.994164535871148
ep8874,35.65731125132067
ep8875,37.02758712254613
ep8876,34.30073813880746
ep8877,31.628153449845186
ep8878,37.02758712254613
ep8879,35.65731125132067
ep8880,29.00875319619327
ep8881,-13.994164535871148
ep8882,-13.994164535871148
ep8883,31.628153449845186
ep8884,41.22202241015
ep8885,-13.994164535871148
ep8886,-13.994164535871148
ep8887,31.628153449845186
ep8888,-13.994164535871148
ep8889,35.65731125132067
ep8890,-13.994164535871148
ep8891,32.957730757419384
ep8892,34.30073813880746
ep8893,-13.994164535871148
ep8894,-13.994164535871148
ep8895,-13.994164535871148
ep8896,-13.994164535871148
ep8897,-13.994164535871148
ep8898,-13.994164535871148
ep8899,29.00875319619327
ep8900,-13.994164535871148
ep8901,37.02758712254613
ep8902,-13.994164535871148
ep8903,29.00875319619327
ep8904,-13.994164535871148
ep8905,30.311871915346735
ep8906,39.80980218604849
ep8907,32.957730757419384
ep8908,30.311871915346735
ep8909,32.957730757419384
ep8910,31.628153449845186
ep8911,30.311871915346735
ep8912,32.957730757419384
ep8913,-13.994164535871148
ep8914,32.957730757419384
ep8915,30.311871915346735
ep8916,-13.994164535871148
ep8917,31.628153449845186
ep8918,-13.994164535871148
ep8919,30.311871915346735
ep8920,29.00875319619327
ep8921,-13.994164535871148
ep8922,-13.994164535871148
ep8923,-13.994164535871148
ep8924,32.957730757419384
ep8925,32.957730757419384
ep8926,30.311871915346735
ep8927,31.628153449845186
ep8928,32.957730757419384
ep8929,34.30073813880746
ep8930,-13.994164535871148
ep8931,30.311871915346735
ep8932,35.65731125132067
ep8933,30.311871915346735
ep8934,32.957730757419384
ep8935,-13.994164535871148
ep8936,30.311871915346735
ep8937,31.628153449845186
ep8938,-13.994164535871148
ep8939,-13.994164535871148
ep8940,-13.994164535871148
ep8941,32.957730757419384
ep8942,-13.994164535871148
ep8943,35.65731125132067
ep8944,30.311871915346735
ep8945,-13.994164535871148
ep8946,30.311871915346735
ep8947,35.65731125132067
ep8948,35.65731125132067
ep8949,-13.994164535871148
ep8950,-13.994164535871148
ep8951,-13.994164535871148
ep8952,-13.994164535871148
ep8953,30.311871915346735
ep8954,38.41170416418801
ep8955,30.311871915346735
ep8956,-13.994164535871148
ep8957,-13.994164535871148
ep8958,32.957730757419384
ep8959,-13.994164535871148
ep8960,-13.994164535871148
ep8961,41.22202241015
ep8962,35.65731125132067
ep8963,32.957730757419384
ep8964,34.30073813880746
ep8965,38.41170416418801
ep8966,-13.994164535871148
ep8967,-13.994164535871148
ep8968,-13.994164535871148
ep8969,41.22202241015
ep8970,38.41170416418801
ep8971,30.311871915346735
ep8972,34.30073813880746
ep8973,-13.994164535871148
ep8974,39.80980218604849
ep8975,32.957730757419384
ep8976,-13.994164535871148
ep8977,29.00875319619327
ep8978,31.628153449845186
ep8979,34.30073813880746
ep8980,-13.994164535871148
ep8981,-13.994164535871148
ep8982,-13.994164535871148
ep8983,31.628153449845186
ep8984,29.00875319619327
ep8985,41.22202241015
ep8986,-13.994164535871148
ep8987,34.30073813880746
ep8988,35.65731125132067
ep8989,31.628153449845186
ep8990,-13.994164535871148
ep8991,41.22202241015
ep8992,34.30073813880746
ep8993,37.02758712254613
ep8994,-13.994164535871148
ep8995,-13.994164535871148
ep8996,-13.994164535871148
ep8997,-13.994164535871148
ep8998,-13.994164535871148
ep8999,-13.994164535871148
ep9000,-13.994164535871148
ep9001,29.00875319619327
ep9002,37.02758712254613
ep9003,32.957730757419384
ep9004,-13.994164535871148
ep9005,-13.994164535871148
ep9006,-13.994164535871148
ep9007,-13.994164535871148
ep9008,-13.994164535871148
ep9009,31.628153449845186
ep9010,29.00875319619327
ep9011,-13.994164535871148
ep9012,35.65731125132067
ep9013,-13.994164535871148
ep9014,-13.994164535871148
ep9015,-13.994164535871148
ep9016,30.311871915346735
ep9017,-13.994164535871148
ep9018,38.41170416418801
ep9019,-13.994164535871148
ep9020,-13.994164535871148
ep9021,-13.994164535871148
ep9022,32.957730757419384
ep9023,-13.994164535871148
ep9024,-13.994164535871148
ep9025,-13.994164535871148
ep9026,-13.994164535871148
ep9027,32.957730757419384
ep9028,29.00875319619327
ep9029,31.628153449845186
ep9030,-13.994164535871148
ep9031,38.41170416418801
ep9032,-13.994164535871148
ep9033,-13.994164535871148
ep9034,41.22202241015
ep9035,-13.994164535871148
ep9036,31.628153449845186
ep9037,-13.994164535871148
ep9038,-13.994164535871148
ep9039,-13.994164535871148
ep9040,37.02758712254613
ep9041,29.00875319619327
ep9042,-13.994164535871148
ep9043,-13.994164535871148
ep9044,35.65731125132067
ep9045,-13.994164535871148
ep9046,-13.994164535871148
ep9047,30.311871915346735
ep9048,-13.994164535871148
ep9049,-13.994164535871148
ep9050,29.00875319619327
ep9051,30.311871915346735
ep9052,35.65731125132067
ep9053,35.65731125132067
ep9054,30.311871915346735
ep9055,-13.994164535871148
ep9056,29.00875319619327
ep9057,-13.994164535871148
ep9058,29.00875319619327
ep9059,38.41170416418801
ep9060,-13.994164535871148
ep9061,-13.994164535871148
ep9062,30.311871915346735
ep9063,-13.994164535871148
ep9064,37.02758712254613
ep9065,-13.994164535871148
ep9066,30.311871915346735
ep9067,37.02758712254613
ep9068,-13.994164535871148
ep9069,-13.994164535871148
ep9070,-13.994164535871148
ep9071,-13.994164535871148
ep9072,37.02758712254613
ep9073,41.22202241015
ep9074,-13.994164535871148
ep9075,-13.994164535871148
ep9076,37.02758712254613
ep9077,-13.994164535871148
ep9078,30.311871915346735
ep9079,29.00875319619327
ep9080,-13.994164535871148
ep9081,-13.994164535871148
ep9082,-13.994164535871148
ep9083,41.22202241015
ep9084,32.957730757419384
ep9085,-13.994164535871148
ep9086,35.65731125132067
ep9087,-13.994164535871148
ep9088,-13.994164535871148
ep9089,32.957730757419384
ep9090,35.65731125132067
ep9091,34.30073813880746
ep9092,29.00875319619327
ep9093,-13.994164535871148
ep9094,31.628153449845186
ep9095,-13.994164535871148
ep9096,-13.994164535871148
ep9097,39.80980218604849
ep9098,29.00875319619327
ep9099,30.311871915346735
ep9100,-13.994164535871148
ep9101,31.628153449845186
ep9102,31.628153449845186
ep9103,-13.994164535871148
ep9104,30.311871915346735
ep9105,-13.994164535871148
ep9106,31.628153449845186
ep9107,31.628153449845186
ep9108,-13.994164535871148
ep9109,41.22202241015
ep9110,37.02758712254613
ep9111,30.311871915346735
ep9112,30.311871915346735
ep9113,29.00875319619327
ep9114,-13.994164535871148
ep9115,32.957730757419384
ep9116,-13.994164535871148
ep9117,37.02758712254613
ep9118,-13.994164535871148
ep9119,-13.994164535871148
ep9120,31.628153449845186
ep9121,34.30073813880746
ep9122,31.628153449845186
ep9123,38.41170416418801
ep9124,-13.994164535871148
ep9125,-13.994164535871148
ep9126,34.30073813880746
ep9127,-13.994164535871148
ep9128,30.311871915346735
ep9129,-13.994164535871148
ep9130,-13.994164535871148
ep9131,-13.994164535871148
ep9132,35.65731125132067
ep9133,-13.994164535871148
ep9134,-13.994164535871148
ep9135,-13.994164535871148
ep9136,-13.994164535871148
ep9137,-13.994164535871148
ep9138,-13.994164535871148
ep9139,-13.994164535871148
ep9140,41.22202241015
ep9141,31.628153449845186
ep9142,-13.994164535871148
ep9143,-13.994164535871148
ep9144,41.22202241015
ep9145,-13.994164535871148
ep9146,-13.994164535871148
ep9147,-13.994164535871148
ep9148,30.311871915346735
ep9149,30.311871915346735
ep9150,-13.994164535871148
ep9151,31.628153449845186
ep9152,29.00875319619327
ep9153,35.65731125132067
ep9154,-13.994164535871148
ep9155,-13.994164535871148
ep9156,30.311871915346735
ep9157,31.628153449845186
ep9158,29.00875319619327
ep9159,32.957730757419384
ep9160,-13.994164535871148
ep9161,35.65731125132067
ep9162,-13.994164535871148
ep9163,30.311871915346735
ep9164,-13.994164535871148
ep9165,30.311871915346735
ep9166,-13.994164535871148
ep9167,-13.994164535871148
ep9168,38.41170416418801
ep9169,29.00875319619327
ep9170,-13.994164535871148
ep9171,31.628153449845186
ep9172,41.22202241015
ep9173,-13.994164535871148
ep9174,-13.994164535871148
ep9175,34.30073813880746
ep9176,-13.994164535871148
ep9177,34.30073813880746
ep9178,31.628153449845186
ep9179,34.30073813880746
ep9180,-13.994164535871148
ep9181,-13.994164535871148
ep9182,35.65731125132067
ep9183,35.65731125132067
ep9184,35.65731125132067
ep9185,29.00875319619327
ep9186,37.02758712254613
ep9187,34.30073813880746
ep9188,32.957730757419384
ep9189,-13.994164535871148
ep9190,31.628153449845186
ep9191,38.41170416418801
ep9192,-13.994164535871148
ep9193,35.65731125132067
ep9194,-13.994164535871148
ep9195,-13.994164535871148
ep9196,-13.994164535871148
ep9197,-13.994164535871148
ep9198,-13.994164535871148
ep9199,-13.994164535871148
ep9200,41.22202241015
ep9201,-13.994164535871148
ep9202,-13.994164535871148
ep9203,-13.994164535871148
ep9204,-13.994164535871148
ep9205,-13.994164535871148
ep9206,-13.994164535871148
ep9207,31.628153449845186
ep9208,38.41170416418801
ep9209,30.311871915346735
ep9210,29.00875319619327
ep9211,30.311871915346735
ep9212,-13.994164535871148
ep9213,37.02758712254613
ep9214,-13.994164535871148
ep9215,32.957730757419384
ep9216,32.957730757419384
ep9217,-13.994164535871148
ep9218,30.311871915346735
ep9219,30.311871915346735
ep9220,34.30073813880746
ep9221,-13.994164535871148
ep9222,-13.994164535871148
ep9223,34.30073813880746
ep9224,-13.994164535871148
ep9225,-13.994164535871148
ep9226,-13.994164535871148
ep9227,34.30073813880746
ep9228,37.02758712254613
ep9229,-13.994164535871148
ep9230,29.00875319619327
ep9231,-13.994164535871148
ep9232,32.957730757419384
ep9233,35.65731125132067
ep9234,-13.994164535871148
ep9235,34.30073813880746
ep9236,34.30073813880746
ep9237,-13.994164535871148
ep9238,32.957730757419384
ep9239,34.30073813880746
ep9240,30.311871915346735
ep9241,37.02758712254613
ep9242,41.22202241015
ep9243,-13.994164535871148
ep9244,32.957730757419384
ep9245,41.22202241015
ep9246,29.00875319619327
ep9247,35.65731125132067
ep9248,32.957730757419384
ep9249,-13.994164535871148
ep9250,-13.994164535871148
ep9251,-13.994164535871148
ep9252,30.311871915346735
ep9253,-13.994164535871148
ep9254,31.628153449845186
ep9255,41.22202241015
ep9256,-13.994164535871148
ep9257,39.80980218604849
ep9258,-13.994164535871148
ep9259,31.628153449845186
ep9260,39.80980218604849
ep9261,30.311871915346735
ep9262,35.65731125132067
ep9263,-13.994164535871148
ep9264,-13.994164535871148
ep9265,-13.994164535871148
ep9266,35.65731125132067
ep9267,-13.994164535871148
ep9268,41.22202241015
ep9269,35.65731125132067
ep9270,37.02758712254613
ep9271,-13.994164535871148
ep9272,-13.994164535871148
ep9273,31.628153449845186
ep9274,-13.994164535871148
ep9275,31.628153449845186
ep9276,32.957730757419384
ep9277,38.41170416418801
ep9278,-13.994164535871148
ep9279,-13.994164535871148
ep9280,-13.994164535871148
ep9281,-13.994164535871148
ep9282,29.00875319619327
ep9283,-13.994164535871148
ep9284,41.22202241015
ep9285,-13.994164535871148
ep9286,-13.994164535871148
ep9287,-13.994164535871148
ep9288,31.628153449845186
ep9289,30.311871915346735
ep9290,-13.994164535871148
ep9291,-13.994164535871148
ep9292,38.41170416418801
ep9293,30.311871915346735
ep9294,34.30073813880746
ep9295,29.00875319619327
ep9296,31.628153449845186
ep9297,31.628153449845186
ep9298,39.80980218604849
ep9299,-13.994164535871148
ep9300,31.628153449845186
ep9301,-13.994164535871148
ep9302,31.628153449845186
ep9303,30.311871915346735
ep9304,-13.994164535871148
ep9305,37.02758712254613
ep9306,29.00875319619327
ep9307,-13.994164535871148
ep9308,32.957730757419384
ep9309,-13.994164535871148
ep9310,31.628153449845186
ep9311,-13.994164535871148
ep9312,29.00875319619327
ep9313,-13.994164535871148
ep9314,-13.994164535871148
ep9315,-13.994164535871148
ep9316,-13.994164535871148
ep9317,31.628153449845186
ep9318,39.80980218604849
ep9319,29.00875319619327
ep9320,31.628153449845186
ep9321,32.957730757419384
ep9322,30.311871915346735
ep9323,32.957730757419384
ep9324,-13.994164535871148
ep9325,38.41170416418801
ep9326,41.22202241015
ep9327,-13.994164535871148
ep9328,-13.994164535871148
ep9329,31.628153449845186
ep9330,35.65731125132067
ep9331,30.311871915346735
ep9332,32.957730757419384
ep9333,29.00875319619327
ep9334,38.41170416418801
ep9335,29.00875319619327
ep9336,-13.994164535871148
ep9337,32.957730757419384
ep9338,39.80980218604849
ep9339,-13.994164535871148
ep9340,-13.994164535871148
ep9341,41.22202241015
ep9342,-13.994164535871148
ep9343,32.957730757419384
ep9344,32.957730757419384
ep9345,38.41170416418801
ep9346,32.957730757419384
ep9347,34.30073813880746
ep9348,-13.994164535871148
ep9349,32.957730757419384
ep9350,30.311871915346735
ep9351,-13.994164535871148
ep9352,29.00875319619327
ep9353,-13.994164535871148
ep9354,-13.994164535871148
ep9355,-13.994164535871148
ep9356,-13.994164535871148
ep9357,-13.994164535871148
ep9358,-13.994164535871148
ep9359,35.65731125132067
ep9360,-13.994164535871148
ep9361,32.957730757419384
ep9362,-13.994164535871148
ep9363,-13.994164535871148
ep9364,-13.994164535871148
ep9365,-13.994164535871148
ep9366,32.957730757419384
ep9367,-13.994164535871148
ep9368,-13.994164535871148
ep9369,31.628153449845186
ep9370,-13.994164535871148
ep9371,29.00875319619327
ep9372,31.628153449845186
ep9373,-13.994164535871148
ep9374,-13.994164535871148
ep9375,34.30073813880746
ep9376,-13.994164535871148
ep9377,-13.994164535871148
ep9378,-13.994164535871148
ep9379,32.957730757419384
ep9380,29.00875319619327
ep9381,37.02758712254613
ep9382,29.00875319619327
ep9383,-13.994164535871148
ep9384,30.311871915346735
ep9385,-13.994164535871148
ep9386,-13.994164535871148
ep9387,31.628153449845186
ep9388,-13.994164535871148
ep9389,32.957730757419384
ep9390,41.22202241015
ep9391,-13.994164535871148
ep9392,-13.994164535871148
ep9393,41.22202241015
ep9394,41.22202241015
ep9395,-13.994164535871148
ep9396,-13.994164535871148
ep9397,-13.994164535871148
ep9398,-13.994164535871148
ep9399,-13.994164535871148
ep9400,-13.994164535871148
ep9401,-13.994164535871148
ep9402,30.311871915346735
ep9403,37.02758712254613
ep9404,32.957730757419384
ep9405,-13.994164535871148
ep9406,-13.994164535871148
ep9407,-13.994164535871148
ep9408,35.65731125132067
ep9409,38.41170416418801
ep9410,37.02758712254613
ep9411,37.02758712254613
ep9412,31.628153449845186
ep9413,-13.994164535871148
ep9414,-13.994164535871148
ep9415,31.628153449845186
ep9416,38.41170416418801
ep9417,-13.994164535871148
ep9418,34.30073813880746
ep9419,29.00875319619327
ep9420,-13.994164535871148
ep9421,-13.994164535871148
ep9422,-13.994164535871148
ep9423,-13.994164535871148
ep9424,-13.994164535871148
ep9425,-13.994164535871148
ep9426,30.311871915346735
ep9427,30.311871915346735
ep9428,-13.994164535871148
ep9429,-13.994164535871148
ep9430,32.957730757419384
ep9431,-13.994164535871148
ep9432,-13.994164535871148
ep9433,38.41170416418801
ep9434,41.22202241015
ep9435,34.30073813880746
ep9436,30.311871915346735
ep9437,-13.994164535871148
ep9438,-13.994164535871148
ep9439,-13.994164535871148
ep9440,39.80980218604849
ep9441,29.00875319619327
ep9442,-13.994164535871148
ep9443,34.30073813880746
ep9444,34.30073813880746
ep9445,31.628153449845186
ep9446,-13.994164535871148
ep9447,35.65731125132067
ep9448,31.628153449845186
ep9449,32.957730757419384
ep9450,-13.994164535871148
ep9451,-13.994164535871148
ep9452,32.957730757419384
ep9453,30.311871915346735
ep9454,30.311871915346735
ep9455,34.30073813880746
ep9456,30.311871915346735
ep9457,32.957730757419384
ep9458,31.628153449845186
ep9459,34.30073813880746
ep9460,31.628153449845186
ep9461,30.311871915346735
ep9462,-13.994164535871148
ep9463,32.957730757419384
ep9464,-13.994164535871148
ep9465,39.80980218604849
ep9466,41.22202241015
ep9467,31.628153449845186
ep9468,-13.994164535871148
ep9469,32.957730757419384
ep9470,-13.994164535871148
ep9471,34.30073813880746
ep9472,-13.994164535871148
ep9473,32.957730757419384
ep9474,41.22202241015
ep9475,29.00875319619327
ep9476,-13.994164535871148
ep9477,-13.994164535871148
ep9478,35.65731125132067
ep9479,-13.994164535871148
ep9480,41.22202241015
ep9481,-13.994164535871148
ep9482,34.30073813880746
ep9483,29.00875319619327
ep9484,30.311871915346735
ep9485,37.02758712254613
ep9486,37.02758712254613
ep9487,-13.994164535871148
ep9488,38.41170416418801
ep9489,-13.994164535871148
ep9490,31.628153449845186
ep9491,41.22202241015
ep9492,37.02758712254613
ep9493,29.00875319619327
ep9494,31.628153449845186
ep9495,-13.994164535871148
ep9496,31.628153449845186
ep9497,-13.994164535871148
ep9498,29.00875319619327
ep9499,-13.994164535871148
ep9500,30.311871915346735
ep9501,35.65731125132067
ep9502,41.22202241015
ep9503,31.628153449845186
ep9504,41.22202241015
ep9505,30.311871915346735
ep9506,-13.994164535871148
ep9507,-13.994164535871148
ep9508,-13.994164535871148
ep9509,29.00875319619327
ep9510,31.628153449845186
ep9511,39.80980218604849
ep9512,32.957730757419384
ep9513,32.957730757419384
ep9514,34.30073813880746
ep9515,-13.994164535871148
ep9516,-13.994164535871148
ep9517,-13.994164535871148
ep9518,-13.994164535871148
ep9519,34.30073813880746
ep9520,-13.994164535871148
ep9521,30.311871915346735
ep9522,-13.994164535871148
ep9523,-13.994164535871148
ep9524,-13.994164535871148
ep9525,-13.994164535871148
ep9526,34.30073813880746
ep9527,32.957730757419384
ep9528,29.00875319619327
ep9529,34.30073813880746
ep9530,34.30073813880746
ep9531,38.41170416418801
ep9532,-13.994164535871148
ep9533,37.02758712254613
ep9534,38.41170416418801
ep9535,-13.994164535871148
ep9536,39.80980218604849
ep9537,29.00875319619327
ep9538,-13.994164535871148
ep9539,-13.994164535871148
ep9540,32.957730757419384
ep9541,30.311871915346735
ep9542,-13.994164535871148
ep9543,32.957730757419384
ep9544,-13.994164535871148
ep9545,-13.994164535871148
ep9546,39.80980218604849
ep9547,-13.994164535871148
ep9548,-13.994164535871148
ep9549,32.957730757419384
ep9550,29.00875319619327
ep9551,39.80980218604849
ep9552,-13.994164535871148
ep9553,-13.994164535871148
ep9554,-13.994164535871148
ep9555,-13.994164535871148
ep9556,35.65731125132067
ep9557,34.30073813880746
ep9558,31.628153449845186
ep9559,30.311871915346735
ep9560,-13.994164535871148
ep9561,38.41170416418801
ep9562,35.65731125132067
ep9563,34.30073813880746
ep9564,30.311871915346735
ep9565,29.00875319619327
ep9566,-13.994164535871148
ep9567,29.00875319619327
ep9568,30.311871915346735
ep9569,29.00875319619327
ep9570,-13.994164535871148
ep9571,-13.994164535871148
ep9572,39.80980218604849
ep9573,-13.994164535871148
ep9574,32.957730757419384
ep9575,-13.994164535871148
ep9576,-13.994164535871148
ep9577,34.30073813880746
ep9578,-13.994164535871148
ep9579,32.957730757419384
ep9580,-13.994164535871148
ep9581,29.00875319619327
ep9582,37.02758712254613
ep9583,-13.994164535871148
ep9584,-13.994164535871148
ep9585,32.957730757419384
ep9586,-13.994164535871148
ep9587,34.30073813880746
ep9588,39.80980218604849
ep9589,32.957730757419384
ep9590,-13.994164535871148
ep9591,32.957730757419384
ep9592,-13.994164535871148
ep9593,32.957730757419384
ep9594,-13.994164535871148
ep9595,29.00875319619327
ep9596,-13.994164535871148
ep9597,-13.994164535871148
ep9598,-13.994164535871148
ep9599,-13.994164535871148
ep9600,34.30073813880746
ep9601,37.02758712254613
ep9602,30.311871915346735
ep9603,39.80980218604849
ep9604,35.65731125132067
ep9605,34.30073813880746
ep9606,-13.994164535871148
ep9607,31.628153449845186
ep9608,31.628153449845186
ep9609,-13.994164535871148
ep9610,32.957730757419384
ep9611,30.311871915346735
ep9612,32.957730757419384
ep9613,-13.994164535871148
ep9614,-13.994164535871148
ep9615,-13.994164535871148
ep9616,-13.994164535871148
ep9617,29.00875319619327
ep9618,-13.994164535871148
ep9619,34.30073813880746
ep9620,-13.994164535871148
ep9621,31.628153449845186
ep9622,35.65731125132067
ep9623,-13.994164535871148
ep9624,35.65731125132067
ep9625,41.22202241015
ep9626,37.02758712254613
ep9627,-13.994164535871148
ep9628,-13.994164535871148
ep9629,32.957730757419384
ep9630,30.311871915346735
ep9631,-13.994164535871148
ep9632,29.00875319619327
ep9633,30.311871915346735
ep9634,32.957730757419384
ep9635,30.311871915346735
ep9636,-13.994164535871148
ep9637,-13.994164535871148
ep9638,-13.994164535871148
ep9639,29.00875319619327
ep9640,37.02758712254613
ep9641,35.65731125132067
ep9642,32.957730757419384
ep9643,-13.994164535871148
ep9644,-13.994164535871148
ep9645,35.65731125132067
ep9646,31.628153449845186
ep9647,-13.994164535871148
ep9648,-13.994164535871148
ep9649,32.957730757419384
ep9650,32.957730757419384
ep9651,-13.994164535871148
ep9652,32.957730757419384
ep9653,-13.994164535871148
ep9654,31.628153449845186
ep9655,32.957730757419384
ep9656,34.30073813880746
ep9657,29.00875319619327
ep9658,31.628153449845186
ep9659,38.41170416418801
ep9660,-13.994164535871148
ep9661,29.00875319619327
ep9662,-13.994164535871148
ep9663,31.628153449845186
ep9664,38.41170416418801
ep9665,-13.994164535871148
ep9666,-13.994164535871148
ep9667,-13.994164535871148
ep9668,41.22202241015
ep9669,41.22202241015
ep9670,-13.994164535871148
ep9671,-13.994164535871148
ep9672,38.41170416418801
ep9673,30.311871915346735
ep9674,-13.994164535871148
ep9675,30.311871915346735
ep9676,31.628153449845186
ep9677,30.311871915346735
ep9678,32.957730757419384
ep9679,32.957730757419384
ep9680,34.30073813880746
ep9681,35.65731125132067
ep9682,30.311871915346735
ep9683,41.22202241015
ep9684,-13.994164535871148
ep9685,37.02758712254613
ep9686,34.30073813880746
ep9687,31.628153449845186
ep9688,-13.994164535871148
ep9689,-13.994164535871148
ep9690,29.00875319619327
ep9691,38.41170416418801
ep9692,-13.994164535871148
ep9693,-13.994164535871148
ep9694,-13.994164535871148
ep9695,37.02758712254613
ep9696,32.957730757419384
ep9697,29.00875319619327
ep9698,-13.994164535871148
ep9699,34.30073813880746
ep9700,-13.994164535871148
ep9701,-13.994164535871148
ep9702,-13.994164535871148
ep9703,-13.994164535871148
ep9704,35.65731125132067
ep9705,31.628153449845186
ep9706,31.628153449845186
ep9707,-13.994164535871148
ep9708,34.30073813880746
ep9709,-13.994164535871148
ep9710,39.80980218604849
ep9711,31.628153449845186
ep9712,-13.994164535871148
ep9713,-13.994164535871148
ep9714,30.311871915346735
ep9715,29.00875319619327
ep9716,39.80980218604849
ep9717,-13.994164535871148
ep9718,41.22202241015
ep9719,-13.994164535871148
ep9720,-13.994164535871148
ep9721,29.00875319619327
ep9722,-13.994164535871148
ep9723,31.628153449845186
ep9724,32.957730757419384
ep9725,-13.994164535871148
ep9726,29.00875319619327
ep9727,39.80980218604849
ep9728,-13.994164535871148
ep9729,32.957730757419384
ep9730,32.957730757419384
ep9731,39.80980218604849
ep9732,-13.994164535871148
ep9733,30.311871915346735
ep9734,-13.994164535871148
ep9735,34.30073813880746
ep9736,31.628153449845186
ep9737,35.65731125132067
ep9738,-13.994164535871148
ep9739,-13.994164535871148
ep9740,32.957730757419384
ep9741,30.311871915346735
ep9742,-13.994164535871148
ep9743,-13.994164535871148
ep9744,-13.994164535871148
ep9745,30.311871915346735
ep9746,32.957730757419384
ep9747,39.80980218604849
ep9748,32.957730757419384
ep9749,30.311871915346735
ep9750,30.311871915346735
ep9751,30.311871915346735
ep9752,30.311871915346735
ep9753,-13.994164535871148
ep9754,30.311871915346735
ep9755,-13.994164535871148
ep9756,-13.994164535871148
ep9757,-13.994164535871148
ep9758,-13.994164535871148
ep9759,-13.994164535871148
ep9760,32.957730757419384
ep9761,32.957730757419384
ep9762,34.30073813880746
ep9763,-13.994164535871148
ep9764,-13.994164535871148
ep9765,41.22202241015
ep9766,-13.994164535871148
ep9767,-13.994164535871148
ep9768,30.311871915346735
ep9769,31.628153449845186
ep9770,34.30073813880746
ep9771,-13.994164535871148
ep9772,-13.994164535871148
ep9773,35.65731125132067
ep9774,-13.994164535871148
ep9775,31.628153449845186
ep9776,-13.994164535871148
ep9777,38.41170416418801
ep9778,37.02758712254613
ep9779,31.628153449845186
ep9780,-13.994164535871148
ep9781,-13.994164535871148
ep9782,29.00875319619327
ep9783,35.65731125132067
ep9784,34.30073813880746
ep9785,38.41170416418801
ep9786,30.311871915346735
ep9787,35.65731125132067
ep9788,32.957730757419384
ep9789,-13.994164535871148
ep9790,38.41170416418801
ep9791,30.311871915346735
ep9792,29.00875319619327
ep9793,-13.994164535871148
ep9794,-13.994164535871148
ep9795,-13.994164535871148
ep9796,32.957730757419384
ep9797,-13.994164535871148
ep9798,38.41170416418801
ep9799,32.957730757419384
ep9800,32.957730757419384
ep9801,30.311871915346735
ep9802,-13.994164535871148
ep9803,37.02758712254613
ep9804,-13.994164535871148
ep9805,30.311871915346735
ep9806,29.00875319619327
ep9807,-13.994164535871148
ep9808,34.30073813880746
ep9809,-13.994164535871148
ep9810,41.22202241015
ep9811,30.311871915346735
ep9812,31.628153449845186
ep9813,-13.994164535871148
ep9814,41.22202241015
ep9815,-13.994164535871148
ep9816,31.628153449845186
ep9817,-13.994164535871148
ep9818,-13.994164535871148
ep9819,29.00875319619327
ep9820,35.65731125132067
ep9821,-13.994164535871148
ep9822,-13.994164535871148
ep9823,31.628153449845186
ep9824,-13.994164535871148
ep9825,-13.994164535871148
ep9826,35.65731125132067
ep9827,32.957730757419384
ep9828,-13.994164535871148
ep9829,-13.994164535871148
ep9830,-13.994164535871148
ep9831,31.628153449845186
ep9832,30.311871915346735
ep9833,31.628153449845186
ep9834,37.02758712254613
ep9835,-13.994164535871148
ep9836,-13.994164535871148
ep9837,-13.994164535871148
ep9838,-13.994164535871148
ep9839,35.65731125132067
ep9840,-13.994164535871148
ep9841,-13.994164535871148
ep9842,37.02758712254613
ep9843,-13.994164535871148
ep9844,39.80980218604849
ep9845,34.30073813880746
ep9846,39.80980218604849
ep9847,-13.994164535871148
ep9848,32.957730757419384
ep9849,38.41170416418801
ep9850,-13.994164535871148
ep9851,-13.994164535871148
ep9852,31.628153449845186
ep9853,-13.994164535871148
ep9854,31.628153449845186
ep9855,30.311871915346735
ep9856,38.41170416418801
ep9857,-13.994164535871148
ep9858,-13.994164535871148
ep9859,32.957730757419384
ep9860,38.41170416418801
ep9861,35.65731125132067
ep9862,34.30073813880746
ep9863,35.65731125132067
ep9864,30.311871915346735
ep9865,35.65731125132067
ep9866,-13.994164535871148
ep9867,-13.994164535871148
ep9868,32.957730757419384
ep9869,30.311871915346735
ep9870,-13.994164535871148
ep9871,35.65731125132067
ep9872,37.02758712254613
ep9873,37.02758712254613
ep9874,29.00875319619327
ep9875,34.30073813880746
ep9876,-13.994164535871148
ep9877,31.628153449845186
ep9878,34.30073813880746
ep9879,30.311871915346735
ep9880,-13.994164535871148
ep9881,-13.994164535871148
ep9882,35.65731125132067
ep9883,30.311871915346735
ep9884,38.41170416418801
ep9885,34.30073813880746
ep9886,30.311871915346735
ep9887,-13.994164535871148
ep9888,35.65731125132067
ep9889,-13.994164535871148
ep9890,37.02758712254613
ep9891,-13.994164535871148
ep9892,-13.994164535871148
ep9893,38.41170416418801
ep9894,38.41170416418801
ep9895,-13.994164535871148
ep9896,35.65731125132067
ep9897,30.311871915346735
ep9898,37.02758712254613
ep9899,-13.994164535871148
ep9900,38.41170416418801
ep9901,-13.994164535871148
ep9902,29.00875319619327
ep9903,31.628153449845186
ep9904,-13.994164535871148
ep9905,31.628153449845186
ep9906,-13.994164535871148
ep9907,41.22202241015
ep9908,-13.994164535871148
ep9909,-13.994164535871148
ep9910,-13.994164535871148
ep9911,29.00875319619327
ep9912,-13.994164535871148
ep9913,32.957730757419384
ep9914,-13.994164535871148
ep9915,37.02758712254613
ep9916,39.80980218604849
ep9917,-13.994164535871148
ep9918,-13.994164535871148
ep9919,32.957730757419384
ep9920,31.628153449845186
ep9921,35.65731125132067
ep9922,29.00875319619327
ep9923,-13.994164535871148
ep9924,37.02758712254613
ep9925,30.311871915346735
ep9926,-13.994164535871148
ep9927,38.41170416418801
ep9928,35.65731125132067
ep9929,31.628153449845186
ep9930,-13.994164535871148
ep9931,-13.994164535871148
ep9932,30.311871915346735
ep9933,-13.994164535871148
ep9934,-13.994164535871148
ep9935,35.65731125132067
ep9936,31.628153449845186
ep9937,34.30073813880746
ep9938,-13.994164535871148
ep9939,35.65731125132067
ep9940,32.957730757419384
ep9941,41.22202241015
ep9942,29.00875319619327
ep9943,-13.994164535871148
ep9944,41.22202241015
ep9945,34.30073813880746
ep9946,32.957730757419384
ep9947,34.30073813880746
ep9948,30.311871915346735
ep9949,39.80980218604849
ep9950,39.80980218604849
ep9951,30.311871915346735
ep9952,-13.994164535871148
ep9953,-13.994164535871148
ep9954,38.41170416418801
ep9955,29.00875319619327
ep9956,-13.994164535871148
ep9957,30.311871915346735
ep9958,34.30073813880746
ep9959,34.30073813880746
ep9960,35.65731125132067
ep9961,-13.994164535871148
ep9962,38.41170416418801
ep9963,37.02758712254613
ep9964,-13.994164535871148
ep9965,37.02758712254613
ep9966,-13.994164535871148
ep9967,-13.994164535871148
ep9968,-13.994164535871148
ep9969,30.311871915346735
ep9970,-13.994164535871148
ep9971,31.628153449845186
ep9972,-13.994164535871148
ep9973,37.02758712254613
ep9974,-13.994164535871148
ep9975,31.628153449845186
ep9976,41.22202241015
ep9977,30.311871915346735
ep9978,-13.994164535871148
ep9979,30.311871915346735
ep9980,41.22202241015
ep9981,-13.994164535871148
ep9982,-13.994164535871148
ep9983,32.957730757419384
ep9984,-13.994164535871148
ep9985,31.628153449845186
ep9986,-13.994164535871148
ep9987,30.311871915346735
ep9988,-13.994164535871148
ep9989,31.628153449845186
ep9990,-13.994164535871148
ep9991,30.311871915346735
ep9992,41.22202241015
ep9993,35.65731125132067
ep9994,31.628153449845186
ep9995,30.311871915346735
ep9996,-13.994164535871148
ep9997,-13.994164535871148
ep9998,-13.994164535871148
ep9999,32.957730757419384
ep10000,-13.994164535871148
ep10001,-13.994164535871148
ep10002,-13.994164535871148
ep10003,32.957730757419384
ep10004,-13.994164535871148
ep10005,30.311871915346735
ep10006,35.65731125132067
ep10007,-13.994164535871148
ep10008,-13.994164535871148
ep10009,-13.994164535871148
ep10010,29.00875319619327
ep10011,31.628153449845186
ep10012,-13.994164535871148
ep10013,32.957730757419384
ep10014,-13.994164535871148
ep10015,35.65731125132067
ep10016,32.957730757419384
ep10017,31.628153449845186
ep10018,-13.994164535871148
ep10019,31.628153449845186
ep10020,-13.994164535871148
ep10021,-13.994164535871148
ep10022,34.30073813880746
ep10023,-13.994164535871148
ep10024,-13.994164535871148
ep10025,38.41170416418801
ep10026,-13.994164535871148
ep10027,-13.994164535871148
ep10028,39.80980218604849
ep10029,29.00875319619327
ep10030,37.02758712254613
ep10031,31.628153449845186
ep10032,-13.994164535871148
ep10033,-13.994164535871148
ep10034,-13.994164535871148
ep10035,32.957730757419384
ep10036,38.41170416418801
ep10037,-13.994164535871148
ep10038,-13.994164535871148
ep10039,31.628153449845186
ep10040,-13.994164535871148
ep10041,35.65731125132067
ep10042,30.311871915346735
ep10043,-13.994164535871148
ep10044,37.02758712254613
ep10045,37.02758712254613
ep10046,-13.994164535871148
ep10047,39.80980218604849
ep10048,38.41170416418801
ep10049,30.311871915346735
ep10050,30.311871915346735
ep10051,32.957730757419384
ep10052,-13.994164535871148
ep10053,-13.994164535871148
ep10054,30.311871915346735
ep10055,41.22202241015
ep10056,30.311871915346735
ep10057,-13.994164535871148
ep10058,35.65731125132067
ep10059,-13.994164535871148
ep10060,30.311871915346735
ep10061,35.65731125132067
ep10062,38.41170416418801
ep10063,-13.994164535871148
ep10064,35.65731125132067
ep10065,-13.994164535871148
ep10066,32.957730757419384
ep10067,-13.994164535871148
ep10068,35.65731125132067
ep10069,-13.994164535871148
ep10070,34.30073813880746
ep10071,-13.994164535871148
ep10072,-13.994164535871148
ep10073,-13.994164535871148
ep10074,37.02758712254613
ep10075,-13.994164535871148
ep10076,-13.994164535871148
ep10077,-13.994164535871148
ep10078,-13.994164535871148
ep10079,-13.994164535871148
ep10080,39.80980218604849
ep10081,-13.994164535871148
ep10082,-13.994164535871148
ep10083,30.311871915346735
ep10084,32.957730757419384
ep10085,34.30073813880746
ep10086,41.22202241015
ep10087,-13.994164535871148
ep10088,-13.994164535871148
ep10089,-13.994164535871148
ep10090,-13.994164535871148
ep10091,30.311871915346735
ep10092,32.957730757419384
ep10093,-13.994164535871148
ep10094,34.30073813880746
ep10095,-13.994164535871148
ep10096,38.41170416418801
ep10097,-13.994164535871148
ep10098,37.02758712254613
ep10099,-13.994164535871148
ep10100,-13.994164535871148
ep10101,-13.994164535871148
ep10102,37.02758712254613
ep10103,-13.994164535871148
ep10104,29.00875319619327
ep10105,-13.994164535871148
ep10106,34.30073813880746
ep10107,-13.994164535871148
ep10108,30.311871915346735
ep10109,32.957730757419384
ep10110,-13.994164535871148
ep10111,-13.994164535871148
ep10112,29.00875319619327
ep10113,-13.994164535871148
ep10114,-13.994164535871148
ep10115,35.65731125132067
ep10116,-13.994164535871148
ep10117,-13.994164535871148
ep10118,-13.994164535871148
ep10119,-13.994164535871148
ep10120,31.628153449845186
ep10121,32.957730757419384
ep10122,-13.994164535871148
ep10123,-13.994164535871148
ep10124,-13.994164535871148
ep10125,32.957730757419384
ep10126,-13.994164535871148
ep10127,34.30073813880746
ep10128,-13.994164535871148
ep10129,32.957730757419384
ep10130,37.02758712254613
ep10131,30.311871915346735
ep10132,29.00875319619327
ep10133,32.957730757419384
ep10134,-13.994164535871148
ep10135,-13.994164535871148
ep10136,-13.994164535871148
ep10137,-13.994164535871148
ep10138,30.311871915346735
ep10139,29.00875319619327
ep10140,31.628153449845186
ep10141,-13.994164535871148
ep10142,-13.994164535871148
ep10143,30.311871915346735
ep10144,32.957730757419384
ep10145,-13.994164535871148
ep10146,-13.994164535871148
ep10147,37.02758712254613
ep10148,31.628153449845186
ep10149,-13.994164535871148
ep10150,34.30073813880746
ep10151,37.02758712254613
ep10152,29.00875319619327
ep10153,-13.994164535871148
ep10154,-13.994164535871148
ep10155,-13.994164535871148
ep10156,35.65731125132067
ep10157,31.628153449845186
ep10158,35.65731125132067
ep10159,-13.994164535871148
ep10160,30.311871915346735
ep10161,41.22202241015
ep10162,38.41170416418801
ep10163,-13.994164535871148
ep10164,37.02758712254613
ep10165,38.41170416418801
ep10166,-13.994164535871148
ep10167,-13.994164535871148
ep10168,39.80980218604849
ep10169,39.80980218604849
ep10170,35.65731125132067
ep10171,-13.994164535871148
ep10172,-13.994164535871148
ep10173,-13.994164535871148
ep10174,-13.994164535871148
ep10175,-13.994164535871148
ep10176,-13.994164535871148
ep10177,34.30073813880746
ep10178,39.80980218604849
ep10179,35.65731125132067
ep10180,29.00875319619327
ep10181,38.41170416418801
ep10182,30.311871915346735
ep10183,32.957730757419384
ep10184,30.311871915346735
ep10185,37.02758712254613
ep10186,38.41170416418801
ep10187,32.957730757419384
ep10188,-13.994164535871148
ep10189,-13.994164535871148
ep10190,-13.994164535871148
ep10191,-13.994164535871148
ep10192,35.65731125132067
ep10193,30.311871915346735
ep10194,-13.994164535871148
ep10195,-13.994164535871148
ep10196,41.22202241015
ep10197,30.311871915346735
ep10198,-13.994164535871148
ep10199,31.628153449845186
ep10200,35.65731125132067
ep10201,29.00875319619327
ep10202,31.628153449845186
ep10203,31.628153449845186
ep10204,-13.994164535871148
ep10205,37.02758712254613
ep10206,37.02758712254613
ep10207,32.957730757419384
ep10208,29.00875319619327
ep10209,30.311871915346735
ep10210,30.311871915346735
ep10211,30.311871915346735
ep10212,-13.994164535871148
ep10213,-13.994164535871148
ep10214,-13.994164535871148
ep10215,29.00875319619327
ep10216,30.311871915346735
ep10217,41.22202241015
ep10218,34.30073813880746
ep10219,-13.994164535871148
ep10220,37.02758712254613
ep10221,38.41170416418801
ep10222,41.22202241015
ep10223,35.65731125132067
ep10224,32.957730757419384
ep10225,-13.994164535871148
ep10226,-13.994164535871148
ep10227,31.628153449845186
ep10228,-13.994164535871148
ep10229,35.65731125132067
ep10230,-13.994164535871148
ep10231,34.30073813880746
ep10232,37.02758712254613
ep10233,29.00875319619327
ep10234,30.311871915346735
ep10235,-13.994164535871148
ep10236,32.957730757419384
ep10237,-13.994164535871148
ep10238,32.957730757419384
ep10239,37.02758712254613
ep10240,31.628153449845186
ep10241,-13.994164535871148
ep10242,38.41170416418801
ep10243,29.00875319619327
ep10244,32.957730757419384
ep10245,34.30073813880746
ep10246,34.30073813880746
ep10247,29.00875319619327
ep10248,-13.994164535871148
ep10249,29.00875319619327
ep10250,38.41170416418801
ep10251,-13.994164535871148
ep10252,30.311871915346735
ep10253,32.957730757419384
ep10254,37.02758712254613
ep10255,-13.994164535871148
ep10256,-13.994164535871148
ep10257,-13.994164535871148
ep10258,-13.994164535871148
ep10259,30.311871915346735
ep10260,29.00875319619327
ep10261,32.957730757419384
ep10262,34.30073813880746
ep10263,-13.994164535871148
ep10264,34.30073813880746
ep10265,-13.994164535871148
ep10266,-13.994164535871148
ep10267,-13.994164535871148
ep10268,29.00875319619327
ep10269,37.02758712254613
ep10270,31.628153449845186
ep10271,39.80980218604849
ep10272,38.41170416418801
ep10273,-13.994164535871148
ep10274,-13.994164535871148
ep10275,30.311871915346735
ep10276,-13.994164535871148
ep10277,41.22202241015
ep10278,-13.994164535871148
ep10279,41.22202241015
ep10280,30.311871915346735
ep10281,-13.994164535871148
ep10282,41.22202241015
ep10283,-13.994164535871148
ep10284,37.02758712254613
ep10285,-13.994164535871148
ep10286,30.311871915346735
ep10287,-13.994164535871148
ep10288,34.30073813880746
ep10289,32.957730757419384
ep10290,-13.994164535871148
ep10291,-13.994164535871148
ep10292,32.957730757419384
ep10293,-13.994164535871148
ep10294,-13.994164535871148
ep10295,-13.994164535871148
ep10296,32.957730757419384
ep10297,41.22202241015
ep10298,-13.994164535871148
ep10299,30.311871915346735
ep10300,38.41170416418801
ep10301,-13.994164535871148
ep10302,41.22202241015
ep10303,-13.994164535871148
ep10304,30.311871915346735
ep10305,-13.994164535871148
ep10306,30.311871915346735
ep10307,30.311871915346735
ep10308,-13.994164535871148
ep10309,34.30073813880746
ep10310,-13.994164535871148
ep10311,-13.994164535871148
ep10312,32.957730757419384
ep10313,-13.994164535871148
ep10314,31.628153449845186
ep10315,31.628153449845186
ep10316,-13.994164535871148
ep10317,30.311871915346735
ep10318,31.628153449845186
ep10319,31.628153449845186
ep10320,34.30073813880746
ep10321,-13.994164535871148
ep10322,30.311871915346735
ep10323,34.30073813880746
ep10324,-13.994164535871148
ep10325,-13.994164535871148
ep10326,30.311871915346735
ep10327,-13.994164535871148
ep10328,39.80980218604849
ep10329,-13.994164535871148
ep10330,-13.994164535871148
ep10331,-13.994164535871148
ep10332,30.311871915346735
ep10333,-13.994164535871148
ep10334,-13.994164535871148
ep10335,-13.994164535871148
ep10336,30.311871915346735
ep10337,35.65731125132067
ep10338,30.311871915346735
ep10339,34.30073813880746
ep10340,-13.994164535871148
ep10341,30.311871915346735
ep10342,-13.994164535871148
ep10343,-13.994164535871148
ep10344,34.30073813880746
ep10345,31.628153449845186
ep10346,31.628153449845186
ep10347,-13.994164535871148
ep10348,37.02758712254613
ep10349,31.628153449845186
ep10350,31.628153449845186
ep10351,-13.994164535871148
ep10352,-13.994164535871148
ep10353,35.65731125132067
ep10354,-13.994164535871148
ep10355,37.02758712254613
ep10356,29.00875319619327
ep10357,-13.994164535871148
ep10358,34.30073813880746
ep10359,-13.994164535871148
ep10360,30.311871915346735
ep10361,35.65731125132067
ep10362,31.628153449845186
ep10363,-13.994164535871148
ep10364,-13.994164535871148
ep10365,38.41170416418801
ep10366,31.628153449845186
ep10367,-13.994164535871148
ep10368,-13.994164535871148
ep10369,34.30073813880746
ep10370,37.02758712254613
ep10371,-13.994164535871148
ep10372,-13.994164535871148
ep10373,35.65731125132067
ep10374,-13.994164535871148
ep10375,31.628153449845186
ep10376,-13.994164535871148
ep10377,30.311871915346735
ep10378,-13.994164535871148
ep10379,38.41170416418801
ep10380,-13.994164535871148
ep10381,-13.994164535871148
ep10382,-13.994164535871148
ep10383,41.22202241015
ep10384,30.311871915346735
ep10385,-13.994164535871148
ep10386,29.00875319619327
ep10387,-13.994164535871148
ep10388,32.957730757419384
ep10389,-13.994164535871148
ep10390,-13.994164535871148
ep10391,-13.994164535871148
ep10392,32.957730757419384
ep10393,34.30073813880746
ep10394,-13.994164535871148
ep10395,-13.994164535871148
ep10396,31.628153449845186
ep10397,37.02758712254613
ep10398,-13.994164535871148
ep10399,32.957730757419384
ep10400,-13.994164535871148
ep10401,37.02758712254613
ep10402,30.311871915346735
ep10403,-13.994164535871148
ep10404,-13.994164535871148
ep10405,-13.994164535871148
ep10406,-13.994164535871148
ep10407,-13.994164535871148
ep10408,38.41170416418801
ep10409,35.65731125132067
ep10410,30.311871915346735
ep10411,-13.994164535871148
ep10412,-13.994164535871148
ep10413,32.957730757419384
ep10414,35.65731125132067
ep10415,34.30073813880746
ep10416,-13.994164535871148
ep10417,-13.994164535871148
ep10418,41.22202241015
ep10419,-13.994164535871148
ep10420,32.957730757419384
ep10421,-13.994164535871148
ep10422,29.00875319619327
ep10423,-13.994164535871148
ep10424,31.628153449845186
ep10425,-13.994164535871148
ep10426,31.628153449845186
ep10427,32.957730757419384
ep10428,-13.994164535871148
ep10429,30.311871915346735
ep10430,30.311871915346735
ep10431,32.957730757419384
ep10432,-13.994164535871148
ep10433,29.00875319619327
ep10434,29.00875319619327
ep10435,-13.994164535871148
ep10436,-13.994164535871148
ep10437,38.41170416418801
ep10438,-13.994164535871148
ep10439,41.22202241015
ep10440,30.311871915346735
ep10441,-13.994164535871148
ep10442,30.311871915346735
ep10443,30.311871915346735
ep10444,29.00875319619327
ep10445,32.957730757419384
ep10446,30.311871915346735
ep10447,-13.994164535871148
ep10448,35.65731125132067
ep10449,30.311871915346735
ep10450,31.628153449845186
ep10451,29.00875319619327
ep10452,-13.994164535871148
ep10453,-13.994164535871148
ep10454,34.30073813880746
ep10455,41.22202241015
ep10456,-13.994164535871148
ep10457,37.02758712254613
ep10458,30.311871915346735
ep10459,35.65731125132067
ep10460,34.30073813880746
ep10461,29.00875319619327
ep10462,32.957730757419384
ep10463,37.02758712254613
ep10464,34.30073813880746
ep10465,-13.994164535871148
ep10466,30.311871915346735
ep10467,34.30073813880746
ep10468,-13.994164535871148
ep10469,-13.994164535871148
ep10470,30.311871915346735
ep10471,34.30073813880746
ep10472,-13.994164535871148
ep10473,29.00875319619327
ep10474,37.02758712254613
ep10475,41.22202241015
ep10476,-13.994164535871148
ep10477,32.957730757419384
ep10478,41.22202241015
ep10479,38.41170416418801
ep10480,30.311871915346735
ep10481,35.65731125132067
ep10482,31.628153449845186
ep10483,37.02758712254613
ep10484,30.311871915346735
ep10485,-13.994164535871148
ep10486,-13.994164535871148
ep10487,-13.994164535871148
ep10488,34.30073813880746
ep10489,-13.994164535871148
ep10490,-13.994164535871148
ep10491,30.311871915346735
ep10492,-13.994164535871148
ep10493,29.00875319619327
ep10494,37.02758712254613
ep10495,-13.994164535871148
ep10496,-13.994164535871148
ep10497,37.02758712254613
ep10498,31.628153449845186
ep10499,35.65731125132067
ep10500,30.311871915346735
ep10501,38.41170416418801
ep10502,29.00875319619327
ep10503,37.02758712254613
ep10504,-13.994164535871148
ep10505,-13.994164535871148
ep10506,34.30073813880746
ep10507,32.957730757419384
ep10508,34.30073813880746
ep10509,34.30073813880746
ep10510,29.00875319619327
ep10511,-13.994164535871148
ep10512,41.22202241015
ep10513,-13.994164535871148
ep10514,-13.994164535871148
ep10515,-13.994164535871148
ep10516,-13.994164535871148
ep10517,35.65731125132067
ep10518,30.311871915346735
ep10519,34.30073813880746
ep10520,34.30073813880746
ep10521,32.957730757419384
ep10522,41.22202241015
ep10523,35.65731125132067
ep10524,30.311871915346735
ep10525,-13.994164535871148
ep10526,-13.994164535871148
ep10527,-13.994164535871148
ep10528,39.80980218604849
ep10529,29.00875319619327
ep10530,35.65731125132067
ep10531,31.628153449845186
ep10532,32.957730757419384
ep10533,30.311871915346735
ep10534,-13.994164535871148
ep10535,32.957730757419384
ep10536,35.65731125132067
ep10537,38.41170416418801
ep10538,-13.994164535871148
ep10539,-13.994164535871148
ep10540,-13.994164535871148
ep10541,30.311871915346735
ep10542,-13.994164535871148
ep10543,30.311871915346735
ep10544,30.311871915346735
ep10545,30.311871915346735
ep10546,-13.994164535871148
ep10547,31.628153449845186
ep10548,31.628153449845186
ep10549,34.30073813880746
ep10550,35.65731125132067
ep10551,-13.994164535871148
ep10552,-13.994164535871148
ep10553,37.02758712254613
ep10554,-13.994164535871148
ep10555,-13.994164535871148
ep10556,32.957730757419384
ep10557,32.957730757419384
ep10558,38.41170416418801
ep10559,-13.994164535871148
ep10560,-13.994164535871148
ep10561,-13.994164535871148
ep10562,41.22202241015
ep10563,41.22202241015
ep10564,-13.994164535871148
ep10565,31.628153449845186
ep10566,-13.994164535871148
ep10567,31.628153449845186
ep10568,-13.994164535871148
ep10569,35.65731125132067
ep10570,30.311871915346735
ep10571,32.957730757419384
ep10572,-13.994164535871148
ep10573,-13.994164535871148
ep10574,34.30073813880746
ep10575,29.00875319619327
ep10576,-13.994164535871148
ep10577,30.311871915346735
ep10578,37.02758712254613
ep10579,-13.994164535871148
ep10580,35.65731125132067
ep10581,-13.994164535871148
ep10582,-13.994164535871148
ep10583,30.311871915346735
ep10584,-13.994164535871148
ep10585,-13.994164535871148
ep10586,32.957730757419384
ep10587,-13.994164535871148
ep10588,-13.994164535871148
ep10589,32.957730757419384
ep10590,-13.994164535871148
ep10591,-13.994164535871148
ep10592,41.22202241015
ep10593,-13.994164535871148
ep10594,31.628153449845186
ep10595,32.957730757419384
ep10596,32.957730757419384
ep10597,30.311871915346735
ep10598,-13.994164535871148
ep10599,29.00875319619327
ep10600,41.22202241015
ep10601,29.00875319619327
ep10602,29.00875319619327
ep10603,29.00875319619327
ep10604,41.22202241015
ep10605,-13.994164535871148
ep10606,-13.994164535871148
ep10607,-13.994164535871148
ep10608,-13.994164535871148
ep10609,31.628153449845186
ep10610,39.80980218604849
ep10611,31.628153449845186
ep10612,34.30073813880746
ep10613,-13.994164535871148
ep10614,-13.994164535871148
ep10615,-13.994164535871148
ep10616,29.00875319619327
ep10617,-13.994164535871148
ep10618,41.22202241015
ep10619,29.00875319619327
ep10620,30.311871915346735
ep10621,29.00875319619327
ep10622,-13.994164535871148
ep10623,35.65731125132067
ep10624,32.957730757419384
ep10625,29.00875319619327
ep10626,30.311871915346735
ep10627,34.30073813880746
ep10628,30.311871915346735
ep10629,-13.994164535871148
ep10630,31.628153449845186
ep10631,-13.994164535871148
ep10632,38.41170416418801
ep10633,-13.994164535871148
ep10634,-13.994164535871148
ep10635,34.30073813880746
ep10636,38.41170416418801
ep10637,35.65731125132067
ep10638,-13.994164535871148
ep10639,-13.994164535871148
ep10640,-13.994164535871148
ep10641,-13.994164535871148
ep10642,39.80980218604849
ep10643,-13.994164535871148
ep10644,-13.994164535871148
ep10645,32.957730757419384
ep10646,32.957730757419384
ep10647,37.02758712254613
ep10648,32.957730757419384
ep10649,-13.994164535871148
ep10650,31.628153449845186
ep10651,37.02758712254613
ep10652,-13.994164535871148
ep10653,29.00875319619327
ep10654,34.30073813880746
ep10655,38.41170416418801
ep10656,32.957730757419384
ep10657,31.628153449845186
ep10658,-13.994164535871148
ep10659,37.02758712254613
ep10660,34.30073813880746
ep10661,37.02758712254613
ep10662,-13.994164535871148
ep10663,-13.994164535871148
ep10664,-13.994164535871148
ep10665,31.628153449845186
ep10666,35.65731125132067
ep10667,31.628153449845186
ep10668,35.65731125132067
ep10669,30.311871915346735
ep10670,-13.994164535871148
ep10671,32.957730757419384
ep10672,34.30073813880746
ep10673,30.311871915346735
ep10674,37.02758712254613
ep10675,-13.994164535871148
ep10676,-13.994164535871148
ep10677,31.628153449845186
ep10678,39.80980218604849
ep10679,31.628153449845186
ep10680,30.311871915346735
ep10681,35.65731125132067
ep10682,39.80980218604849
ep10683,30.311871915346735
ep10684,32.957730757419384
ep10685,-13.994164535871148
ep10686,-13.994164535871148
ep10687,34.30073813880746
ep10688,32.957730757419384
ep10689,-13.994164535871148
ep10690,-13.994164535871148
ep10691,34.30073813880746
ep10692,30.311871915346735
ep10693,32.957730757419384
ep10694,31.628153449845186
ep10695,32.957730757419384
ep10696,-13.994164535871148
ep10697,-13.994164535871148
ep10698,37.02758712254613
ep10699,-13.994164535871148
ep10700,30.311871915346735
ep10701,-13.994164535871148
ep10702,-13.994164535871148
ep10703,-13.994164535871148
ep10704,-13.994164535871148
ep10705,-13.994164535871148
ep10706,-13.994164535871148
ep10707,34.30073813880746
ep10708,37.02758712254613
ep10709,-13.994164535871148
ep10710,-13.994164535871148
ep10711,-13.994164535871148
ep10712,-13.994164535871148
ep10713,-13.994164535871148
ep10714,-13.994164535871148
ep10715,32.957730757419384
ep10716,-13.994164535871148
ep10717,35.65731125132067
ep10718,-13.994164535871148
ep10719,35.65731125132067
ep10720,30.311871915346735
ep10721,30.311871915346735
ep10722,-13.994164535871148
ep10723,-13.994164535871148
ep10724,34.30073813880746
ep10725,-13.994164535871148
ep10726,-13.994164535871148
ep10727,37.02758712254613
ep10728,41.22202241015
ep10729,-13.994164535871148
ep10730,-13.994164535871148
ep10731,41.22202241015
ep10732,-13.994164535871148
ep10733,31.628153449845186
ep10734,34.30073813880746
ep10735,41.22202241015
ep10736,31.628153449845186
ep10737,-13.994164535871148
ep10738,38.41170416418801
ep10739,-13.994164535871148
ep10740,-13.994164535871148
ep10741,-13.994164535871148
ep10742,-13.994164535871148
ep10743,38.41170416418801
ep10744,30.311871915346735
ep10745,32.957730757419384
ep10746,32.957730757419384
ep10747,39.80980218604849
ep10748,30.311871915346735
ep10749,30.311871915346735
ep10750,32.957730757419384
ep10751,41.22202241015
ep10752,37.02758712254613
ep10753,-13.994164535871148
ep10754,-13.994164535871148
ep10755,-13.994164535871148
ep10756,-13.994164535871148
ep10757,30.311871915346735
ep10758,-13.994164535871148
ep10759,-13.994164535871148
ep10760,-13.994164535871148
ep10761,-13.994164535871148
ep10762,32.957730757419384
ep10763,34.30073813880746
ep10764,-13.994164535871148
ep10765,-13.994164535871148
ep10766,-13.994164535871148
ep10767,39.80980218604849
ep10768,30.311871915346735
ep10769,-13.994164535871148
ep10770,35.65731125132067
ep10771,41.22202241015
ep10772,-13.994164535871148
ep10773,-13.994164535871148
ep10774,41.22202241015
ep10775,34.30073813880746
ep10776,30.311871915346735
ep10777,30.311871915346735
ep10778,-13.994164535871148
ep10779,34.30073813880746
ep10780,-13.994164535871148
ep10781,31.628153449845186
ep10782,41.22202241015
ep10783,35.65731125132067
ep10784,-13.994164535871148
ep10785,32.957730757419384
ep10786,30.311871915346735
ep10787,-13.994164535871148
ep10788,-13.994164535871148
ep10789,34.30073813880746
ep10790,-13.994164535871148
ep10791,-13.994164535871148
ep10792,-13.994164535871148
ep10793,-13.994164535871148
ep10794,-13.994164535871148
ep10795,35.65731125132067
ep10796,-13.994164535871148
ep10797,34.30073813880746
ep10798,-13.994164535871148
ep10799,-13.994164535871148
ep10800,31.628153449845186
ep10801,34.30073813880746
ep10802,30.311871915346735
ep10803,34.30073813880746
ep10804,30.311871915346735
ep10805,-13.994164535871148
ep10806,-13.994164535871148
ep10807,30.311871915346735
ep10808,-13.994164535871148
ep10809,30.311871915346735
ep10810,30.311871915346735
ep10811,34.30073813880746
ep10812,-13.994164535871148
ep10813,-13.994164535871148
ep10814,-13.994164535871148
ep10815,32.957730757419384
ep10816,31.628153449845186
ep10817,29.00875319619327
ep10818,-13.994164535871148
ep10819,-13.994164535871148
ep10820,41.22202241015
ep10821,-13.994164535871148
ep10822,29.00875319619327
ep10823,38.41170416418801
ep10824,41.22202241015
ep10825,-13.994164535871148
ep10826,35.65731125132067
ep10827,31.628153449845186
ep10828,-13.994164535871148
ep10829,-13.994164535871148
ep10830,30.311871915346735
ep10831,34.30073813880746
ep10832,-13.994164535871148
ep10833,-13.994164535871148
ep10834,-13.994164535871148
ep10835,34.30073813880746
ep10836,35.65731125132067
ep10837,35.65731125132067
ep10838,-13.994164535871148
ep10839,-13.994164535871148
ep10840,31.628153449845186
ep10841,-13.994164535871148
ep10842,-13.994164535871148
ep10843,29.00875319619327
ep10844,34.30073813880746
ep10845,-13.994164535871148
ep10846,31.628153449845186
ep10847,-13.994164535871148
ep10848,30.311871915346735
ep10849,32.957730757419384
ep10850,30.311871915346735
ep10851,32.957730757419384
ep10852,-13.994164535871148
ep10853,-13.994164535871148
ep10854,32.957730757419384
ep10855,-13.994164535871148
ep10856,31.628153449845186
ep10857,-13.994164535871148
ep10858,30.311871915346735
ep10859,41.22202241015
ep10860,-13.994164535871148
ep10861,-13.994164535871148
ep10862,32.957730757419384
ep10863,38.41170416418801
ep10864,-13.994164535871148
ep10865,-13.994164535871148
ep10866,-13.994164535871148
ep10867,-13.994164535871148
ep10868,-13.994164535871148
ep10869,34.30073813880746
ep10870,-13.994164535871148
ep10871,-13.994164535871148
ep10872,39.80980218604849
ep10873,32.957730757419384
ep10874,29.00875319619327
ep10875,35.65731125132067
ep10876,-13.994164535871148
ep10877,-13.994164535871148
ep10878,-13.994164535871148
ep10879,41.22202241015
ep10880,-13.994164535871148
ep10881,-13.994164535871148
ep10882,-13.994164535871148
ep10883,-13.994164535871148
ep10884,-13.994164535871148
ep10885,-13.994164535871148
ep10886,30.311871915346735
ep10887,31.628153449845186
ep10888,-13.994164535871148
ep10889,38.41170416418801
ep10890,29.00875319619327
ep10891,-13.994164535871148
ep10892,31.628153449845186
ep10893,-13.994164535871148
ep10894,38.41170416418801
ep10895,-13.994164535871148
ep10896,-13.994164535871148
ep10897,-13.994164535871148
ep10898,29.00875319619327
ep10899,30.311871915346735
ep10900,35.65731125132067
ep10901,-13.994164535871148
ep10902,31.628153449845186
ep10903,35.65731125132067
ep10904,30.311871915346735
ep10905,-13.994164535871148
ep10906,34.30073813880746
ep10907,32.957730757419384
ep10908,29.00875319619327
ep10909,41.22202241015
ep10910,29.00875319619327
ep10911,29.00875319619327
ep10912,30.311871915346735
ep10913,35.65731125132067
ep10914,37.02758712254613
ep10915,-13.994164535871148
ep10916,34.30073813880746
ep10917,-13.994164535871148
ep10918,31.628153449845186
ep10919,32.957730757419384
ep10920,31.628153449845186
ep10921,34.30073813880746
ep10922,41.22202241015
ep10923,37.02758712254613
ep10924,-13.994164535871148
ep10925,41.22202241015
ep10926,30.311871915346735
ep10927,-13.994164535871148
ep10928,39.80980218604849
ep10929,-13.994164535871148
ep10930,-13.994164535871148
ep10931,-13.994164535871148
ep10932,-13.994164535871148
ep10933,-13.994164535871148
ep10934,-13.994164535871148
ep10935,30.311871915346735
ep10936,39.80980218604849
ep10937,-13.994164535871148
ep10938,34.30073813880746
ep10939,-13.994164535871148
ep10940,41.22202241015
ep10941,29.00875319619327
ep10942,-13.994164535871148
ep10943,-13.994164535871148
ep10944,-13.994164535871148
ep10945,41.22202241015
ep10946,-13.994164535871148
ep10947,-13.994164535871148
ep10948,31.628153449845186
ep10949,-13.994164535871148
ep10950,34.30073813880746
ep10951,30.311871915346735
ep10952,39.80980218604849
ep10953,-13.994164535871148
ep10954,37.02758712254613
ep10955,-13.994164535871148
ep10956,-13.994164535871148
ep10957,31.628153449845186
ep10958,30.311871915346735
ep10959,37.02758712254613
ep10960,-13.994164535871148
ep10961,-13.994164535871148
ep10962,-13.994164535871148
ep10963,30.311871915346735
ep10964,29.00875319619327
ep10965,-13.994164535871148
ep10966,34.30073813880746
ep10967,34.30073813880746
ep10968,32.957730757419384
ep10969,35.65731125132067
ep10970,34.30073813880746
ep10971,-13.994164535871148
ep10972,31.628153449845186
ep10973,38.41170416418801
ep10974,-13.994164535871148
ep10975,29.00875319619327
ep10976,35.65731125132067
ep10977,29.00875319619327
ep10978,39.80980218604849
ep10979,31.628153449845186
ep10980,31.628153449845186
ep10981,-13.994164535871148
ep10982,-13.994164535871148
ep10983,34.30073813880746
ep10984,31.628153449845186
ep10985,-13.994164535871148
ep10986,29.00875319619327
ep10987,35.65731125132067
ep10988,-13.994164535871148
ep10989,37.02758712254613
ep10990,39.80980218604849
ep10991,35.65731125132067
ep10992,31.628153449845186
ep10993,34.30073813880746
ep10994,32.957730757419384
ep10995,37.02758712254613
ep10996,32.957730757419384
ep10997,37.02758712254613
ep10998,34.30073813880746
ep10999,38.41170416418801
ep11000,30.311871915346735
ep11001,-13.994164535871148
ep11002,-13.994164535871148
ep11003,31.628153449845186
ep11004,-13.994164535871148
ep11005,32.957730757419384
ep11006,-13.994164535871148
ep11007,30.311871915346735
ep11008,39.80980218604849
ep11009,-13.994164535871148
ep11010,39.80980218604849
ep11011,-13.994164535871148
ep11012,-13.994164535871148
ep11013,31.628153449845186
ep11014,35.65731125132067
ep11015,34.30073813880746
ep11016,29.00875319619327
ep11017,29.00875319619327
ep11018,-13.994164535871148
ep11019,-13.994164535871148
ep11020,-13.994164535871148
ep11021,32.957730757419384
ep11022,39.80980218604849
ep11023,35.65731125132067
ep11024,-13.994164535871148
ep11025,-13.994164535871148
ep11026,30.311871915346735
ep11027,34.30073813880746
ep11028,29.00875319619327
ep11029,-13.994164535871148
ep11030,31.628153449845186
ep11031,-13.994164535871148
ep11032,30.311871915346735
ep11033,38.41170416418801
ep11034,-13.994164535871148
ep11035,35.65731125132067
ep11036,-13.994164535871148
ep11037,32.957730757419384
ep11038,-13.994164535871148
ep11039,31.628153449845186
ep11040,41.22202241015
ep11041,35.65731125132067
ep11042,38.41170416418801
ep11043,34.30073813880746
ep11044,-13.994164535871148
ep11045,34.30073813880746
ep11046,38.41170416418801
ep11047,31.628153449845186
ep11048,39.80980218604849
ep11049,-13.994164535871148
ep11050,-13.994164535871148
ep11051,34.30073813880746
ep11052,34.30073813880746
ep11053,39.80980218604849
ep11054,-13.994164535871148
ep11055,-13.994164535871148
ep11056,-13.994164535871148
ep11057,38.41170416418801
ep11058,-13.994164535871148
ep11059,35.65731125132067
ep11060,-13.994164535871148
ep11061,35.65731125132067
ep11062,31.628153449845186
ep11063,30.311871915346735
ep11064,41.22202241015
ep11065,35.65731125132067
ep11066,-13.994164535871148
ep11067,-13.994164535871148
ep11068,34.30073813880746
ep11069,30.311871915346735
ep11070,34.30073813880746
ep11071,35.65731125132067
ep11072,-13.994164535871148
ep11073,34.30073813880746
ep11074,31.628153449845186
ep11075,-13.994164535871148
ep11076,-13.994164535871148
ep11077,39.80980218604849
ep11078,34.30073813880746
ep11079,41.22202241015
ep11080,38.41170416418801
ep11081,37.02758712254613
ep11082,-13.994164535871148
ep11083,-13.994164535871148
ep11084,-13.994164535871148
ep11085,34.30073813880746
ep11086,39.80980218604849
ep11087,35.65731125132067
ep11088,30.311871915346735
ep11089,35.65731125132067
ep11090,34.30073813880746
ep11091,31.628153449845186
ep11092,32.957730757419384
ep11093,30.311871915346735
ep11094,34.30073813880746
ep11095,30.311871915346735
ep11096,-13.994164535871148
ep11097,37.02758712254613
ep11098,-13.994164535871148
ep11099,-13.994164535871148
ep11100,-13.994164535871148
ep11101,35.65731125132067
ep11102,31.628153449845186
ep11103,30.311871915346735
ep11104,39.80980218604849
ep11105,37.02758712254613
ep11106,37.02758712254613
ep11107,32.957730757419384
ep11108,-13.994164535871148
ep11109,34.30073813880746
ep11110,32.957730757419384
ep11111,30.311871915346735
ep11112,-13.994164535871148
ep11113,29.00875319619327
ep11114,-13.994164535871148
ep11115,32.957730757419384
ep11116,39.80980218604849
ep11117,34.30073813880746
ep11118,-13.994164535871148
ep11119,32.957730757419384
ep11120,30.311871915346735
ep11121,-13.994164535871148
ep11122,-13.994164535871148
ep11123,-13.994164535871148
ep11124,-13.994164535871148
ep11125,-13.994164535871148
ep11126,31.628153449845186
ep11127,34.30073813880746
ep11128,30.311871915346735
ep11129,-13.994164535871148
ep11130,37.02758712254613
ep11131,30.311871915346735
ep11132,-13.994164535871148
ep11133,39.80980218604849
ep11134,-13.994164535871148
ep11135,32.957730757419384
ep11136,-13.994164535871148
ep11137,-13.994164535871148
ep11138,38.41170416418801
ep11139,-13.994164535871148
ep11140,30.311871915346735
ep11141,31.628153449845186
ep11142,37.02758712254613
ep11143,31.628153449845186
ep11144,41.22202241015
ep11145,-13.994164535871148
ep11146,34.30073813880746
ep11147,32.957730757419384
ep11148,32.957730757419384
ep11149,31.628153449845186
ep11150,32.957730757419384
ep11151,34.30073813880746
ep11152,38.41170416418801
ep11153,32.957730757419384
ep11154,-13.994164535871148
ep11155,30.311871915346735
ep11156,-13.994164535871148
ep11157,30.311871915346735
ep11158,29.00875319619327
ep11159,30.311871915346735
ep11160,-13.994164535871148
ep11161,30.311871915346735
ep11162,32.957730757419384
ep11163,30.311871915346735
ep11164,29.00875319619327
ep11165,35.65731125132067
ep11166,35.65731125132067
ep11167,30.311871915346735
ep11168,38.41170416418801
ep11169,-13.994164535871148
ep11170,39.80980218604849
ep11171,29.00875319619327
ep11172,31.628153449845186
ep11173,-13.994164535871148
ep11174,30.311871915346735
ep11175,34.30073813880746
ep11176,-13.994164535871148
ep11177,35.65731125132067
ep11178,-13.994164535871148
ep11179,-13.994164535871148
ep11180,-13.994164535871148
ep11181,-13.994164535871148
ep11182,32.957730757419384
ep11183,30.311871915346735
ep11184,34.30073813880746
ep11185,-13.994164535871148
ep11186,-13.994164535871148
ep11187,39.80980218604849
ep11188,-13.994164535871148
ep11189,34.30073813880746
ep11190,32.957730757419384
ep11191,41.22202241015
ep11192,29.00875319619327
ep11193,-13.994164535871148
ep11194,-13.994164535871148
ep11195,34.30073813880746
ep11196,30.311871915346735
ep11197,-13.994164535871148
ep11198,30.311871915346735
ep11199,31.628153449845186
ep11200,29.00875319619327
ep11201,39.80980218604849
ep11202,-13.994164535871148
ep11203,32.957730757419384
ep11204,32.957730757419384
ep11205,-13.994164535871148
ep11206,-13.994164535871148
ep11207,-13.994164535871148
ep11208,-13.994164535871148
ep11209,-13.994164535871148
ep11210,-13.994164535871148
ep11211,29.00875319619327
ep11212,-13.994164535871148
ep11213,34.30073813880746
ep11214,30.311871915346735
ep11215,38.41170416418801
ep11216,-13.994164535871148
ep11217,-13.994164535871148
ep11218,-13.994164535871148
ep11219,-13.994164535871148
ep11220,35.65731125132067
ep11221,29.00875319619327
ep11222,41.22202241015
ep11223,-13.994164535871148
ep11224,38.41170416418801
ep11225,-13.994164535871148
ep11226,-13.994164535871148
ep11227,-13.994164535871148
ep11228,37.02758712254613
ep11229,31.628153449845186
ep11230,32.957730757419384
ep11231,-13.994164535871148
ep11232,-13.994164535871148
ep11233,34.30073813880746
ep11234,-13.994164535871148
ep11235,34.30073813880746
ep11236,29.00875319619327
ep11237,38.41170416418801
ep11238,-13.994164535871148
ep11239,-13.994164535871148
ep11240,-13.994164535871148
ep11241,-13.994164535871148
ep11242,-13.994164535871148
ep11243,34.30073813880746
ep11244,41.22202241015
ep11245,-13.994164535871148
ep11246,35.65731125132067
ep11247,-13.994164535871148
ep11248,-13.994164535871148
ep11249,-13.994164535871148
ep11250,30.311871915346735
ep11251,-13.994164535871148
ep11252,31.628153449845186
ep11253,-13.994164535871148
ep11254,-13.994164535871148
ep11255,-13.994164535871148
ep11256,29.00875319619327
ep11257,-13.994164535871148
ep11258,-13.994164535871148
ep11259,31.628153449845186
ep11260,31.628153449845186
ep11261,-13.994164535871148
ep11262,32.957730757419384
ep11263,-13.994164535871148
ep11264,37.02758712254613
ep11265,31.628153449845186
ep11266,-13.994164535871148
ep11267,32.957730757419384
ep11268,32.957730757419384
ep11269,32.957730757419384
ep11270,-13.994164535871148
ep11271,38.41170416418801
ep11272,31.628153449845186
ep11273,34.30073813880746
ep11274,31.628153449845186
ep11275,-13.994164535871148
ep11276,-13.994164535871148
ep11277,30.311871915346735
ep11278,29.00875319619327
ep11279,30.311871915346735
ep11280,34.30073813880746
ep11281,-13.994164535871148
ep11282,32.957730757419384
ep11283,-13.994164535871148
ep11284,-13.994164535871148
ep11285,34.30073813880746
ep11286,32.957730757419384
ep11287,-13.994164535871148
ep11288,-13.994164535871148
ep11289,-13.994164535871148
ep11290,38.41170416418801
ep11291,-13.994164535871148
ep11292,-13.994164535871148
ep11293,35.65731125132067
ep11294,-13.994164535871148
ep11295,32.957730757419384
ep11296,39.80980218604849
ep11297,-13.994164535871148
ep11298,39.80980218604849
ep11299,32.957730757419384
ep11300,34.30073813880746
ep11301,29.00875319619327
ep11302,37.02758712254613
ep11303,-13.994164535871148
ep11304,-13.994164535871148
ep11305,-13.994164535871148
ep11306,41.22202241015
ep11307,41.22202241015
ep11308,-13.994164535871148
ep11309,31.628153449845186
ep11310,38.41170416418801
ep11311,-13.994164535871148
ep11312,-13.994164535871148
ep11313,38.41170416418801
ep11314,34.30073813880746
ep11315,30.311871915346735
ep11316,39.80980218604849
ep11317,39.80980218604849
ep11318,-13.994164535871148
ep11319,34.30073813880746
ep11320,34.30073813880746
ep11321,-13.994164535871148
ep11322,-13.994164535871148
ep11323,-13.994164535871148
ep11324,32.957730757419384
ep11325,34.30073813880746
ep11326,38.41170416418801
ep11327,-13.994164535871148
ep11328,29.00875319619327
ep11329,39.80980218604849
ep11330,31.628153449845186
ep11331,34.30073813880746
ep11332,32.957730757419384
ep11333,31.628153449845186
ep11334,-13.994164535871148
ep11335,-13.994164535871148
ep11336,30.311871915346735
ep11337,37.02758712254613
ep11338,30.311871915346735
ep11339,-13.994164535871148
ep11340,32.957730757419384
ep11341,39.80980218604849
ep11342,31.628153449845186
ep11343,38.41170416418801
ep11344,37.02758712254613
ep11345,-13.994164535871148
ep11346,38.41170416418801
ep11347,-13.994164535871148
ep11348,-13.994164535871148
ep11349,31.628153449845186
ep11350,30.311871915346735
ep11351,-13.994164535871148
ep11352,-13.994164535871148
ep11353,37.02758712254613
ep11354,-13.994164535871148
ep11355,30.311871915346735
ep11356,-13.994164535871148
ep11357,-13.994164535871148
ep11358,29.00875319619327
ep11359,-13.994164535871148
ep11360,30.311871915346735
ep11361,34.30073813880746
ep11362,-13.994164535871148
ep11363,35.65731125132067
ep11364,39.80980218604849
ep11365,41.22202241015
ep11366,29.00875319619327
ep11367,34.30073813880746
ep11368,39.80980218604849
ep11369,32.957730757419384
ep11370,-13.994164535871148
ep11371,31.628153449845186
ep11372,-13.994164535871148
ep11373,31.628153449845186
ep11374,29.00875319619327
ep11375,-13.994164535871148
ep11376,31.628153449845186
ep11377,37.02758712254613
ep11378,-13.994164535871148
ep11379,-13.994164535871148
ep11380,41.22202241015
ep11381,32.957730757419384
ep11382,-13.994164535871148
ep11383,32.957730757419384
ep11384,37.02758712254613
ep11385,29.00875319619327
ep11386,32.957730757419384
ep11387,30.311871915346735
ep11388,-13.994164535871148
ep11389,38.41170416418801
ep11390,35.65731125132067
ep11391,-13.994164535871148
ep11392,30.311871915346735
ep11393,-13.994164535871148
ep11394,-13.994164535871148
ep11395,39.80980218604849
ep11396,32.957730757419384
ep11397,37.02758712254613
ep11398,30.311871915346735
ep11399,41.22202241015
ep11400,39.80980218604849
ep11401,30.311871915346735
ep11402,-13.994164535871148
ep11403,-13.994164535871148
ep11404,30.311871915346735
ep11405,-13.994164535871148
ep11406,41.22202241015
ep11407,32.957730757419384
ep11408,31.628153449845186
ep11409,-13.994164535871148
ep11410,30.311871915346735
ep11411,34.30073813880746
ep11412,30.311871915346735
ep11413,34.30073813880746
ep11414,-13.994164535871148
ep11415,-13.994164535871148
ep11416,-13.994164535871148
ep11417,-13.994164535871148
ep11418,32.957730757419384
ep11419,30.311871915346735
ep11420,-13.994164535871148
ep11421,-13.994164535871148
ep11422,34.30073813880746
ep11423,-13.994164535871148
ep11424,37.02758712254613
ep11425,-13.994164535871148
ep11426,34.30073813880746
ep11427,34.30073813880746
ep11428,29.00875319619327
ep11429,-13.994164535871148
ep11430,-13.994164535871148
ep11431,31.628153449845186
ep11432,-13.994164535871148
ep11433,-13.994164535871148
ep11434,32.957730757419384
ep11435,29.00875319619327
ep11436,39.80980218604849
ep11437,29.00875319619327
ep11438,30.311871915346735
ep11439,-13.994164535871148
ep11440,30.311871915346735
ep11441,-13.994164535871148
ep11442,-13.994164535871148
ep11443,32.957730757419384
ep11444,34.30073813880746
ep11445,37.02758712254613
ep11446,31.628153449845186
ep11447,-13.994164535871148
ep11448,32.957730757419384
ep11449,34.30073813880746
ep11450,-13.994164535871148
ep11451,29.00875319619327
ep11452,-13.994164535871148
ep11453,41.22202241015
ep11454,35.65731125132067
ep11455,32.957730757419384
ep11456,34.30073813880746
ep11457,-13.994164535871148
ep11458,-13.994164535871148
ep11459,35.65731125132067
ep11460,37.02758712254613
ep11461,34.30073813880746
ep11462,-13.994164535871148
ep11463,-13.994164535871148
ep11464,30.311871915346735
ep11465,31.628153449845186
ep11466,-13.994164535871148
ep11467,-13.994164535871148
ep11468,-13.994164535871148
ep11469,-13.994164535871148
ep11470,32.957730757419384
ep11471,-13.994164535871148
ep11472,30.311871915346735
ep11473,34.30073813880746
ep11474,30.311871915346735
ep11475,39.80980218604849
ep11476,30.311871915346735
ep11477,38.41170416418801
ep11478,31.628153449845186
ep11479,-13.994164535871148
ep11480,31.628153449845186
ep11481,-13.994164535871148
ep11482,29.00875319619327
ep11483,-13.994164535871148
ep11484,31.628153449845186
ep11485,41.22202241015
ep11486,31.628153449845186
ep11487,30.311871915346735
ep11488,41.22202241015
ep11489,-13.994164535871148
ep11490,32.957730757419384
ep11491,-13.994164535871148
ep11492,-13.994164535871148
ep11493,-13.994164535871148
ep11494,31.628153449845186
ep11495,-13.994164535871148
ep11496,-13.994164535871148
ep11497,31.628153449845186
ep11498,-13.994164535871148
ep11499,31.628153449845186
ep11500,29.00875319619327
ep11501,-13.994164535871148
ep11502,-13.994164535871148
ep11503,-13.994164535871148
ep11504,37.02758712254613
ep11505,-13.994164535871148
ep11506,-13.994164535871148
ep11507,30.311871915346735
ep11508,-13.994164535871148
ep11509,32.957730757419384
ep11510,-13.994164535871148
ep11511,-13.994164535871148
ep11512,30.311871915346735
ep11513,39.80980218604849
ep11514,-13.994164535871148
ep11515,-13.994164535871148
ep11516,-13.994164535871148
ep11517,-13.994164535871148
ep11518,-13.994164535871148
ep11519,31.628153449845186
ep11520,-13.994164535871148
ep11521,-13.994164535871148
ep11522,38.41170416418801
ep11523,-13.994164535871148
ep11524,-13.994164535871148
ep11525,-13.994164535871148
ep11526,-13.994164535871148
ep11527,29.00875319619327
ep11528,30.311871915346735
ep11529,37.02758712254613
ep11530,-13.994164535871148
ep11531,-13.994164535871148
ep11532,31.628153449845186
ep11533,-13.994164535871148
ep11534,-13.994164535871148
ep11535,37.02758712254613
ep11536,-13.994164535871148
ep11537,-13.994164535871148
ep11538,-13.994164535871148
ep11539,29.00875319619327
ep11540,32.957730757419384
ep11541,32.957730757419384
ep11542,-13.994164535871148
ep11543,29.00875319619327
ep11544,-13.994164535871148
ep11545,34.30073813880746
ep11546,29.00875319619327
ep11547,-13.994164535871148
ep11548,-13.994164535871148
ep11549,-13.994164535871148
ep11550,-13.994164535871148
ep11551,41.22202241015
ep11552,38.41170416418801
ep11553,29.00875319619327
ep11554,-13.994164535871148
ep11555,32.957730757419384
ep11556,35.65731125132067
ep11557,32.957730757419384
ep11558,-13.994164535871148
ep11559,-13.994164535871148
ep11560,31.628153449845186
ep11561,34.30073813880746
ep11562,-13.994164535871148
ep11563,-13.994164535871148
ep11564,-13.994164535871148
ep11565,31.628153449845186
ep11566,-13.994164535871148
ep11567,31.628153449845186
ep11568,32.957730757419384
ep11569,-13.994164535871148
ep11570,30.311871915346735
ep11571,32.957730757419384
ep11572,39.80980218604849
ep11573,31.628153449845186
ep11574,30.311871915346735
ep11575,31.628153449845186
ep11576,37.02758712254613
ep11577,32.957730757419384
ep11578,34.30073813880746
ep11579,37.02758712254613
ep11580,-13.994164535871148
ep11581,-13.994164535871148
ep11582,39.80980218604849
ep11583,-13.994164535871148
ep11584,30.311871915346735
ep11585,-13.994164535871148
ep11586,32.957730757419384
ep11587,-13.994164535871148
ep11588,38.41170416418801
ep11589,-13.994164535871148
ep11590,31.628153449845186
ep11591,35.65731125132067
ep11592,-13.994164535871148
ep11593,30.311871915346735
ep11594,-13.994164535871148
ep11595,-13.994164535871148
ep11596,-13.994164535871148
ep11597,-13.994164535871148
ep11598,34.30073813880746
ep11599,-13.994164535871148
ep11600,34.30073813880746
ep11601,34.30073813880746
ep11602,-13.994164535871148
ep11603,39.80980218604849
ep11604,-13.994164535871148
ep11605,-13.994164535871148
ep11606,31.628153449845186
ep11607,-13.994164535871148
ep11608,31.628153449845186
ep11609,-13.994164535871148
ep11610,41.22202241015
ep11611,35.65731125132067
ep11612,35.65731125132067
ep11613,-13.994164535871148
ep11614,-13.994164535871148
ep11615,35.65731125132067
ep11616,-13.994164535871148
ep11617,-13.994164535871148
ep11618,37.02758712254613
ep11619,-13.994164535871148
ep11620,31.628153449845186
ep11621,-13.994164535871148
ep11622,-13.994164535871148
ep11623,32.957730757419384
ep11624,30.311871915346735
ep11625,-13.994164535871148
ep11626,-13.994164535871148
ep11627,29.00875319619327
ep11628,30.311871915346735
ep11629,34.30073813880746
ep11630,37.02758712254613
ep11631,37.02758712254613
ep11632,-13.994164535871148
ep11633,-13.994164535871148
ep11634,-13.994164535871148
ep11635,-13.994164535871148
ep11636,34.30073813880746
ep11637,30.311871915346735
ep11638,37.02758712254613
ep11639,-13.994164535871148
ep11640,31.628153449845186
ep11641,32.957730757419384
ep11642,31.628153449845186
ep11643,-13.994164535871148
ep11644,-13.994164535871148
ep11645,-13.994164535871148
ep11646,-13.994164535871148
ep11647,30.311871915346735
ep11648,34.30073813880746
ep11649,-13.994164535871148
ep11650,-13.994164535871148
ep11651,-13.994164535871148
ep11652,41.22202241015
ep11653,-13.994164535871148
ep11654,-13.994164535871148
ep11655,31.628153449845186
ep11656,-13.994164535871148
ep11657,29.00875319619327
ep11658,38.41170416418801
ep11659,41.22202241015
ep11660,31.628153449845186
ep11661,30.311871915346735
ep11662,-13.994164535871148
ep11663,-13.994164535871148
ep11664,-13.994164535871148
ep11665,35.65731125132067
ep11666,41.22202241015
ep11667,35.65731125132067
ep11668,-13.994164535871148
ep11669,34.30073813880746
ep11670,32.957730757419384
ep11671,32.957730757419384
ep11672,34.30073813880746
ep11673,31.628153449845186
ep11674,29.00875319619327
ep11675,32.957730757419384
ep11676,32.957730757419384
ep11677,32.957730757419384
ep11678,31.628153449845186
ep11679,-13.994164535871148
ep11680,31.628153449845186
ep11681,31.628153449845186
ep11682,-13.994164535871148
ep11683,35.65731125132067
ep11684,37.02758712254613
ep11685,-13.994164535871148
ep11686,37.02758712254613
ep11687,-13.994164535871148
ep11688,41.22202241015
ep11689,34.30073813880746
ep11690,37.02758712254613
ep11691,-13.994164535871148
ep11692,-13.994164535871148
ep11693,32.957730757419384
ep11694,30.311871915346735
ep11695,31.628153449845186
ep11696,-13.994164535871148
ep11697,30.311871915346735
ep11698,-13.994164535871148
ep11699,38.41170416418801
ep11700,-13.994164535871148
ep11701,-13.994164535871148
ep11702,41.22202241015
ep11703,-13.994164535871148
ep11704,32.957730757419384
ep11705,-13.994164535871148
ep11706,-13.994164535871148
ep11707,32.957730757419384
ep11708,-13.994164535871148
ep11709,30.311871915346735
ep11710,30.311871915346735
ep11711,29.00875319619327
ep11712,30.311871915346735
ep11713,-13.994164535871148
ep11714,-13.994164535871148
ep11715,-13.994164535871148
ep11716,-13.994164535871148
ep11717,-13.994164535871148
ep11718,37.02758712254613
ep11719,-13.994164535871148
ep11720,31.628153449845186
ep11721,39.80980218604849
ep11722,37.02758712254613
ep11723,-13.994164535871148
ep11724,-13.994164535871148
ep11725,-13.994164535871148
ep11726,35.65731125132067
ep11727,-13.994164535871148
ep11728,-13.994164535871148
ep11729,30.311871915346735
ep11730,-13.994164535871148
ep11731,35.65731125132067
ep11732,31.628153449845186
ep11733,-13.994164535871148
ep11734,32.957730757419384
ep11735,41.22202241015
ep11736,34.30073813880746
ep11737,37.02758712254613
ep11738,-13.994164535871148
ep11739,-13.994164535871148
ep11740,38.41170416418801
ep11741,35.65731125132067
ep11742,34.30073813880746
ep11743,-13.994164535871148
ep11744,38.41170416418801
ep11745,32.957730757419384
ep11746,35.65731125132067
ep11747,-13.994164535871148
ep11748,29.00875319619327
ep11749,-13.994164535871148
ep11750,-13.994164535871148
ep11751,-13.994164535871148
ep11752,38.41170416418801
ep11753,-13.994164535871148
ep11754,-13.994164535871148
ep11755,30.311871915346735
ep11756,30.311871915346735
ep11757,29.00875319619327
ep11758,34.30073813880746
ep11759,34.30073813880746
ep11760,31.628153449845186
ep11761,31.628153449845186
ep11762,34.30073813880746
ep11763,-13.994164535871148
ep11764,35.65731125132067
ep11765,30.311871915346735
ep11766,35.65731125132067
ep11767,34.30073813880746
ep11768,-13.994164535871148
ep11769,31.628153449845186
ep11770,30.311871915346735
ep11771,38.41170416418801
ep11772,-13.994164535871148
ep11773,32.957730757419384
ep11774,-13.994164535871148
ep11775,-13.994164535871148
ep11776,41.22202241015
ep11777,-13.994164535871148
ep11778,29.00875319619327
ep11779,35.65731125132067
ep11780,-13.994164535871148
ep11781,31.628153449845186
ep11782,-13.994164535871148
ep11783,-13.994164535871148
ep11784,32.957730757419384
ep11785,-13.994164535871148
ep11786,29.00875319619327
ep11787,37.02758712254613
ep11788,34.30073813880746
ep11789,29.00875319619327
ep11790,-13.994164535871148
ep11791,30.311871915346735
ep11792,-13.994164535871148
ep11793,30.311871915346735
ep11794,31.628153449845186
ep11795,32.957730757419384
ep11796,-13.994164535871148
ep11797,-13.994164535871148
ep11798,37.02758712254613
ep11799,-13.994164535871148
ep11800,-13.994164535871148
ep11801,29.00875319619327
ep11802,30.311871915346735
ep11803,37.02758712254613
ep11804,-13.994164535871148
ep11805,29.00875319619327
ep11806,35.65731125132067
ep11807,31.628153449845186
ep11808,32.957730757419384
ep11809,35.65731125132067
ep11810,-13.994164535871148
ep11811,31.628153449845186
ep11812,-13.994164535871148
ep11813,-13.994164535871148
ep11814,-13.994164535871148
ep11815,-13.994164535871148
ep11816,30.311871915346735
ep11817,-13.994164535871148
ep11818,-13.994164535871148
ep11819,-13.994164535871148
ep11820,-13.994164535871148
ep11821,-13.994164535871148
ep11822,34.30073813880746
ep11823,29.00875319619327
ep11824,-13.994164535871148
ep11825,-13.994164535871148
ep11826,35.65731125132067
ep11827,-13.994164535871148
ep11828,34.30073813880746
ep11829,-13.994164535871148
ep11830,41.22202241015
ep11831,-13.994164535871148
ep11832,39.80980218604849
ep11833,31.628153449845186
ep11834,-13.994164535871148
ep11835,32.957730757419384
ep11836,35.65731125132067
ep11837,-13.994164535871148
ep11838,34.30073813880746
ep11839,-13.994164535871148
ep11840,-13.994164535871148
ep11841,-13.994164535871148
ep11842,-13.994164535871148
ep11843,30.311871915346735
ep11844,29.00875319619327
ep11845,34.30073813880746
ep11846,41.22202241015
ep11847,-13.994164535871148
ep11848,31.628153449845186
ep11849,41.22202241015
ep11850,39.80980218604849
ep11851,30.311871915346735
ep11852,-13.994164535871148
ep11853,-13.994164535871148
ep11854,35.65731125132067
ep11855,-13.994164535871148
ep11856,32.957730757419384
ep11857,-13.994164535871148
ep11858,29.00875319619327
ep11859,-13.994164535871148
ep11860,-13.994164535871148
ep11861,-13.994164535871148
ep11862,-13.994164535871148
ep11863,32.957730757419384
ep11864,34.30073813880746
ep11865,32.957730757419384
ep11866,-13.994164535871148
ep11867,29.00875319619327
ep11868,-13.994164535871148
ep11869,37.02758712254613
ep11870,31.628153449845186
ep11871,35.65731125132067
ep11872,-13.994164535871148
ep11873,-13.994164535871148
ep11874,30.311871915346735
ep11875,-13.994164535871148
ep11876,-13.994164535871148
ep11877,31.628153449845186
ep11878,34.30073813880746
ep11879,37.02758712254613
ep11880,-13.994164535871148
ep11881,-13.994164535871148
ep11882,32.957730757419384
ep11883,-13.994164535871148
ep11884,31.628153449845186
ep11885,37.02758712254613
ep11886,30.311871915346735
ep11887,31.628153449845186
ep11888,38.41170416418801
ep11889,32.957730757419384
ep11890,41.22202241015
ep11891,30.311871915346735
ep11892,30.311871915346735
ep11893,-13.994164535871148
ep11894,37.02758712254613
ep11895,30.311871915346735
ep11896,32.957730757419384
ep11897,-13.994164535871148
ep11898,-13.994164535871148
ep11899,-13.994164535871148
ep11900,-13.994164535871148
ep11901,32.957730757419384
ep11902,30.311871915346735
ep11903,35.65731125132067
ep11904,-13.994164535871148
ep11905,-13.994164535871148
ep11906,-13.994164535871148
ep11907,34.30073813880746
ep11908,-13.994164535871148
ep11909,31.628153449845186
ep11910,-13.994164535871148
ep11911,31.628153449845186
ep11912,34.30073813880746
ep11913,-13.994164535871148
ep11914,31.628153449845186
ep11915,-13.994164535871148
ep11916,41.22202241015
ep11917,34.30073813880746
ep11918,39.80980218604849
ep11919,-13.994164535871148
ep11920,34.30073813880746
ep11921,31.628153449845186
ep11922,-13.994164535871148
ep11923,-13.994164535871148
ep11924,-13.994164535871148
ep11925,-13.994164535871148
ep11926,35.65731125132067
ep11927,35.65731125132067
ep11928,31.628153449845186
ep11929,-13.994164535871148
ep11930,38.41170416418801
ep11931,39.80980218604849
ep11932,34.30073813880746
ep11933,-13.994164535871148
ep11934,32.957730757419384
ep11935,-13.994164535871148
ep11936,31.628153449845186
ep11937,-13.994164535871148
ep11938,31.628153449845186
ep11939,31.628153449845186
ep11940,32.957730757419384
ep11941,38.41170416418801
ep11942,34.30073813880746
ep11943,34.30073813880746
ep11944,-13.994164535871148
ep11945,-13.994164535871148
ep11946,38.41170416418801
ep11947,-13.994164535871148
ep11948,38.41170416418801
ep11949,29.00875319619327
ep11950,34.30073813880746
ep11951,34.30073813880746
ep11952,37.02758712254613
ep11953,41.22202241015
ep11954,-13.994164535871148
ep11955,30.311871915346735
ep11956,31.628153449845186
ep11957,-13.994164535871148
ep11958,35.65731125132067
ep11959,31.628153449845186
ep11960,-13.994164535871148
ep11961,-13.994164535871148
ep11962,-13.994164535871148
ep11963,-13.994164535871148
ep11964,31.628153449845186
ep11965,30.311871915346735
ep11966,-13.994164535871148
ep11967,-13.994164535871148
ep11968,-13.994164535871148
ep11969,31.628153449845186
ep11970,32.957730757419384
ep11971,-13.994164535871148
ep11972,30.311871915346735
ep11973,-13.994164535871148
ep11974,35.65731125132067
ep11975,35.65731125132067
ep11976,32.957730757419384
ep11977,38.41170416418801
ep11978,-13.994164535871148
ep11979,-13.994164535871148
ep11980,31.628153449845186
ep11981,-13.994164535871148
ep11982,37.02758712254613
ep11983,30.311871915346735
ep11984,-13.994164535871148
ep11985,-13.994164535871148
ep11986,38.41170416418801
ep11987,39.80980218604849
ep11988,30.311871915346735
ep11989,34.30073813880746
ep11990,-13.994164535871148
ep11991,-13.994164535871148
ep11992,31.628153449845186
ep11993,29.00875319619327
ep11994,32.957730757419384
ep11995,35.65731125132067
ep11996,31.628153449845186
ep11997,-13.994164535871148
ep11998,-13.994164535871148
ep11999,32.957730757419384
ep12000,30.311871915346735
ep12001,39.80980218604849
ep12002,-13.994164535871148
ep12003,30.311871915346735
ep12004,-13.994164535871148
ep12005,38.41170416418801
ep12006,-13.994164535871148
ep12007,29.00875319619327
ep12008,38.41170416418801
ep12009,30.311871915346735
ep12010,32.957730757419384
ep12011,30.311871915346735
ep12012,37.02758712254613
ep12013,-13.994164535871148
ep12014,35.65731125132067
ep12015,41.22202241015
ep12016,-13.994164535871148
ep12017,30.311871915346735
ep12018,-13.994164535871148
ep12019,-13.994164535871148
ep12020,32.957730757419384
ep12021,-13.994164535871148
ep12022,31.628153449845186
ep12023,-13.994164535871148
ep12024,30.311871915346735
ep12025,41.22202241015
ep12026,-13.994164535871148
ep12027,37.02758712254613
ep12028,-13.994164535871148
ep12029,41.22202241015
ep12030,-13.994164535871148
ep12031,38.41170416418801
ep12032,-13.994164535871148
ep12033,-13.994164535871148
ep12034,-13.994164535871148
ep12035,-13.994164535871148
ep12036,32.957730757419384
ep12037,32.957730757419384
ep12038,38.41170416418801
ep12039,29.00875319619327
ep12040,41.22202241015
ep12041,-13.994164535871148
ep12042,-13.994164535871148
ep12043,-13.994164535871148
ep12044,-13.994164535871148
ep12045,29.00875319619327
ep12046,30.311871915346735
ep12047,-13.994164535871148
ep12048,-13.994164535871148
ep12049,-13.994164535871148
ep12050,37.02758712254613
ep12051,30.311871915346735
ep12052,38.41170416418801
ep12053,31.628153449845186
ep12054,35.65731125132067
ep12055,31.628153449845186
ep12056,30.311871915346735
ep12057,-13.994164535871148
ep12058,37.02758712254613
ep12059,38.41170416418801
ep12060,-13.994164535871148
ep12061,30.311871915346735
ep12062,-13.994164535871148
ep12063,37.02758712254613
ep12064,-13.994164535871148
ep12065,35.65731125132067
ep12066,-13.994164535871148
ep12067,-13.994164535871148
ep12068,-13.994164535871148
ep12069,-13.994164535871148
ep12070,-13.994164535871148
ep12071,-13.994164535871148
ep12072,-13.994164535871148
ep12073,-13.994164535871148
ep12074,29.00875319619327
ep12075,-13.994164535871148
ep12076,39.80980218604849
ep12077,38.41170416418801
ep12078,-13.994164535871148
ep12079,32.957730757419384
ep12080,-13.994164535871148
ep12081,-13.994164535871148
ep12082,-13.994164535871148
ep12083,-13.994164535871148
ep12084,30.311871915346735
ep12085,-13.994164535871148
ep12086,-13.994164535871148
ep12087,38.41170416418801
ep12088,-13.994164535871148
ep12089,-13.994164535871148
ep12090,32.957730757419384
ep12091,32.957730757419384
ep12092,39.80980218604849
ep12093,-13.994164535871148
ep12094,-13.994164535871148
ep12095,30.311871915346735
ep12096,-13.994164535871148
ep12097,30.311871915346735
ep12098,29.00875319619327
ep12099,-13.994164535871148
ep12100,31.628153449845186
ep12101,-13.994164535871148
ep12102,39.80980218604849
ep12103,37.02758712254613
ep12104,38.41170416418801
ep12105,38.41170416418801
ep12106,-13.994164535871148
ep12107,-13.994164535871148
ep12108,41.22202241015
ep12109,31.628153449845186
ep12110,-13.994164535871148
ep12111,-13.994164535871148
ep12112,29.00875319619327
ep12113,32.957730757419384
ep12114,-13.994164535871148
ep12115,30.311871915346735
ep12116,32.957730757419384
ep12117,-13.994164535871148
ep12118,29.00875319619327
ep12119,32.957730757419384
ep12120,34.30073813880746
ep12121,-13.994164535871148
ep12122,-13.994164535871148
ep12123,-13.994164535871148
ep12124,32.957730757419384
ep12125,41.22202241015
ep12126,-13.994164535871148
ep12127,35.65731125132067
ep12128,34.30073813880746
ep12129,-13.994164535871148
ep12130,-13.994164535871148
ep12131,-13.994164535871148
ep12132,41.22202241015
ep12133,32.957730757419384
ep12134,-13.994164535871148
ep12135,30.311871915346735
ep12136,31.628153449845186
ep12137,39.80980218604849
ep12138,30.311871915346735
ep12139,31.628153449845186
ep12140,31.628153449845186
ep12141,39.80980218604849
ep12142,-13.994164535871148
ep12143,-13.994164535871148
ep12144,32.957730757419384
ep12145,31.628153449845186
ep12146,37.02758712254613
ep12147,-13.994164535871148
ep12148,-13.994164535871148
ep12149,-13.994164535871148
ep12150,-13.994164535871148
ep12151,34.30073813880746
ep12152,31.628153449845186
ep12153,30.311871915346735
ep12154,-13.994164535871148
ep12155,-13.994164535871148
ep12156,41.22202241015
ep12157,32.957730757419384
ep12158,37.02758712254613
ep12159,-13.994164535871148
ep12160,30.311871915346735
ep12161,32.957730757419384
ep12162,35.65731125132067
ep12163,-13.994164535871148
ep12164,-13.994164535871148
ep12165,-13.994164535871148
ep12166,-13.994164535871148
ep12167,30.311871915346735
ep12168,-13.994164535871148
ep12169,35.65731125132067
ep12170,32.957730757419384
ep12171,-13.994164535871148
ep12172,41.22202241015
ep12173,-13.994164535871148
ep12174,-13.994164535871148
ep12175,37.02758712254613
ep12176,-13.994164535871148
ep12177,-13.994164535871148
ep12178,-13.994164535871148
ep12179,32.957730757419384
ep12180,-13.994164535871148
ep12181,-13.994164535871148
ep12182,-13.994164535871148
ep12183,-13.994164535871148
ep12184,37.02758712254613
ep12185,-13.994164535871148
ep12186,30.311871915346735
ep12187,31.628153449845186
ep12188,30.311871915346735
ep12189,41.22202241015
ep12190,-13.994164535871148
ep12191,-13.994164535871148
ep12192,-13.994164535871148
ep12193,-13.994164535871148
ep12194,-13.994164535871148
ep12195,-13.994164535871148
ep12196,30.311871915346735
ep12197,-13.994164535871148
ep12198,38.41170416418801
ep12199,39.80980218604849
ep12200,-13.994164535871148
ep12201,-13.994164535871148
ep12202,32.957730757419384
ep12203,-13.994164535871148
ep12204,32.957730757419384
ep12205,-13.994164535871148
ep12206,30.311871915346735
ep12207,30.311871915346735
ep12208,30.311871915346735
ep12209,-13.994164535871148
ep12210,39.80980218604849
ep12211,29.00875319619327
ep12212,37.02758712254613
ep12213,30.311871915346735
ep12214,29.00875319619327
ep12215,31.628153449845186
ep12216,-13.994164535871148
ep12217,-13.994164535871148
ep12218,41.22202241015
ep12219,-13.994164535871148
ep12220,-13.994164535871148
ep12221,41.22202241015
ep12222,34.30073813880746
ep12223,30.311871915346735
ep12224,30.311871915346735
ep12225,35.65731125132067
ep12226,30.311871915346735
ep12227,-13.994164535871148
ep12228,32.957730757419384
ep12229,-13.994164535871148
ep12230,29.00875319619327
ep12231,31.628153449845186
ep12232,30.311871915346735
ep12233,30.311871915346735
ep12234,-13.994164535871148
ep12235,-13.994164535871148
ep12236,-13.994164535871148
ep12237,-13.994164535871148
ep12238,31.628153449845186
ep12239,-13.994164535871148
ep12240,-13.994164535871148
ep12241,-13.994164535871148
ep12242,37.02758712254613
ep12243,31.628153449845186
ep12244,37.02758712254613
ep12245,-13.994164535871148
ep12246,-13.994164535871148
ep12247,-13.994164535871148
ep12248,29.00875319619327
ep12249,-13.994164535871148
ep12250,-13.994164535871148
ep12251,-13.994164535871148
ep12252,37.02758712254613
ep12253,32.957730757419384
ep12254,39.80980218604849
ep12255,32.957730757419384
ep12256,-13.994164535871148
ep12257,31.628153449845186
ep12258,30.311871915346735
ep12259,-13.994164535871148
ep12260,-13.994164535871148
ep12261,30.311871915346735
ep12262,30.311871915346735
ep12263,41.22202241015
ep12264,30.311871915346735
ep12265,35.65731125132067
ep12266,-13.994164535871148
ep12267,30.311871915346735
ep12268,-13.994164535871148
ep12269,-13.994164535871148
ep12270,-13.994164535871148
ep12271,32.957730757419384
ep12272,41.22202241015
ep12273,30.311871915346735
ep12274,-13.994164535871148
ep12275,31.628153449845186
ep12276,34.30073813880746
ep12277,37.02758712254613
ep12278,30.311871915346735
ep12279,-13.994164535871148
ep12280,39.80980218604849
ep12281,-13.994164535871148
ep12282,32.957730757419384
ep12283,-13.994164535871148
ep12284,-13.994164535871148
ep12285,-13.994164535871148
ep12286,-13.994164535871148
ep12287,30.311871915346735
ep12288,30.311871915346735
ep12289,-13.994164535871148
ep12290,29.00875319619327
ep12291,-13.994164535871148
ep12292,-13.994164535871148
ep12293,-13.994164535871148
ep12294,32.957730757419384
ep12295,29.00875319619327
ep12296,37.02758712254613
ep12297,-13.994164535871148
ep12298,-13.994164535871148
ep12299,-13.994164535871148
ep12300,-13.994164535871148
ep12301,35.65731125132067
ep12302,38.41170416418801
ep12303,34.30073813880746
ep12304,37.02758712254613
ep12305,32.957730757419384
ep12306,39.80980218604849
ep12307,32.957730757419384
ep12308,30.311871915346735
ep12309,32.957730757419384
ep12310,-13.994164535871148
ep12311,-13.994164535871148
ep12312,31.628153449845186
ep12313,31.628153449845186
ep12314,-13.994164535871148
ep12315,31.628153449845186
ep12316,30.311871915346735
ep12317,-13.994164535871148
ep12318,-13.994164535871148
ep12319,32.957730757419384
ep12320,-13.994164535871148
ep12321,32.957730757419384
ep12322,-13.994164535871148
ep12323,-13.994164535871148
ep12324,35.65731125132067
ep12325,29.00875319619327
ep12326,32.957730757419384
ep12327,35.65731125132067
ep12328,-13.994164535871148
ep12329,-13.994164535871148
ep12330,-13.994164535871148
ep12331,-13.994164535871148
ep12332,35.65731125132067
ep12333,29.00875319619327
ep12334,31.628153449845186
ep12335,-13.994164535871148
ep12336,31.628153449845186
ep12337,34.30073813880746
ep12338,-13.994164535871148
ep12339,-13.994164535871148
ep12340,-13.994164535871148
ep12341,-13.994164535871148
ep12342,-13.994164535871148
ep12343,30.311871915346735
ep12344,30.311871915346735
ep12345,30.311871915346735
ep12346,32.957730757419384
ep12347,29.00875319619327
ep12348,-13.994164535871148
ep12349,31.628153449845186
ep12350,-13.994164535871148
ep12351,30.311871915346735
ep12352,31.628153449845186
ep12353,-13.994164535871148
ep12354,39.80980218604849
ep12355,38.41170416418801
ep12356,-13.994164535871148
ep12357,30.311871915346735
ep12358,-13.994164535871148
ep12359,-13.994164535871148
ep12360,41.22202241015
ep12361,31.628153449845186
ep12362,-13.994164535871148
ep12363,34.30073813880746
ep12364,-13.994164535871148
ep12365,-13.994164535871148
ep12366,31.628153449845186
ep12367,-13.994164535871148
ep12368,29.00875319619327
ep12369,38.41170416418801
ep12370,34.30073813880746
ep12371,-13.994164535871148
ep12372,35.65731125132067
ep12373,-13.994164535871148
ep12374,37.02758712254613
ep12375,31.628153449845186
ep12376,31.628153449845186
ep12377,-13.994164535871148
ep12378,41.22202241015
ep12379,29.00875319619327
ep12380,39.80980218604849
ep12381,30.311871915346735
ep12382,38.41170416418801
ep12383,35.65731125132067
ep12384,30.311871915346735
ep12385,41.22202241015
ep12386,-13.994164535871148
ep12387,29.00875319619327
ep12388,30.311871915346735
ep12389,30.311871915346735
ep12390,-13.994164535871148
ep12391,29.00875319619327
ep12392,-13.994164535871148
ep12393,37.02758712254613
ep12394,-13.994164535871148
ep12395,39.80980218604849
ep12396,31.628153449845186
ep12397,-13.994164535871148
ep12398,-13.994164535871148
ep12399,30.311871915346735
ep12400,39.80980218604849
ep12401,-13.994164535871148
ep12402,-13.994164535871148
ep12403,34.30073813880746
ep12404,-13.994164535871148
ep12405,39.80980218604849
ep12406,38.41170416418801
ep12407,-13.994164535871148
ep12408,29.00875319619327
ep12409,34.30073813880746
ep12410,30.311871915346735
ep12411,31.628153449845186
ep12412,-13.994164535871148
ep12413,32.957730757419384
ep12414,30.311871915346735
ep12415,-13.994164535871148
ep12416,32.957730757419384
ep12417,30.311871915346735
ep12418,32.957730757419384
ep12419,32.957730757419384
ep12420,35.65731125132067
ep12421,-13.994164535871148
ep12422,31.628153449845186
ep12423,-13.994164535871148
ep12424,-13.994164535871148
ep12425,31.628153449845186
ep12426,29.00875319619327
ep12427,-13.994164535871148
ep12428,30.311871915346735
ep12429,37.02758712254613
ep12430,-13.994164535871148
ep12431,41.22202241015
ep12432,-13.994164535871148
ep12433,38.41170416418801
ep12434,30.311871915346735
ep12435,37.02758712254613
ep12436,-13.994164535871148
ep12437,-13.994164535871148
ep12438,41.22202241015
ep12439,34.30073813880746
ep12440,34.30073813880746
ep12441,30.311871915346735
ep12442,35.65731125132067
ep12443,38.41170416418801
ep12444,34.30073813880746
ep12445,32.957730757419384
ep12446,-13.994164535871148
ep12447,-13.994164535871148
ep12448,34.30073813880746
ep12449,-13.994164535871148
ep12450,-13.994164535871148
ep12451,34.30073813880746
ep12452,34.30073813880746
ep12453,-13.994164535871148
ep12454,31.628153449845186
ep12455,-13.994164535871148
ep12456,39.80980218604849
ep12457,38.41170416418801
ep12458,-13.994164535871148
ep12459,34.30073813880746
ep12460,-13.994164535871148
ep12461,-13.994164535871148
ep12462,30.311871915346735
ep12463,35.65731125132067
ep12464,30.311871915346735
ep12465,30.311871915346735
ep12466,-13.994164535871148
ep12467,41.22202241015
ep12468,32.957730757419384
ep12469,31.628153449845186
ep12470,-13.994164535871148
ep12471,-13.994164535871148
ep12472,-13.994164535871148
ep12473,32.957730757419384
ep12474,31.628153449845186
ep12475,30.311871915346735
ep12476,31.628153449845186
ep12477,-13.994164535871148
ep12478,-13.994164535871148
ep12479,-13.994164535871148
ep12480,29.00875319619327
ep12481,-13.994164535871148
ep12482,-13.994164535871148
ep12483,-13.994164535871148
ep12484,-13.994164535871148
ep12485,-13.994164535871148
ep12486,-13.994164535871148
ep12487,30.311871915346735
ep12488,32.957730757419384
ep12489,-13.994164535871148
ep12490,39.80980218604849
ep12491,-13.994164535871148
ep12492,-13.994164535871148
ep12493,37.02758712254613
ep12494,-13.994164535871148
ep12495,-13.994164535871148
ep12496,29.00875319619327
ep12497,-13.994164535871148
ep12498,34.30073813880746
ep12499,-13.994164535871148
ep12500,-13.994164535871148
ep12501,-13.994164535871148
ep12502,37.02758712254613
ep12503,29.00875319619327
ep12504,37.02758712254613
ep12505,-13.994164535871148
ep12506,34.30073813880746
ep12507,38.41170416418801
ep12508,41.22202241015
ep12509,30.311871915346735
ep12510,31.628153449845186
ep12511,-13.994164535871148
ep12512,-13.994164535871148
ep12513,32.957730757419384
ep12514,-13.994164535871148
ep12515,34.30073813880746
ep12516,-13.994164535871148
ep12517,34.30073813880746
ep12518,-13.994164535871148
ep12519,35.65731125132067
ep12520,32.957730757419384
ep12521,29.00875319619327
ep12522,-13.994164535871148
ep12523,-13.994164535871148
ep12524,38.41170416418801
ep12525,34.30073813880746
ep12526,30.311871915346735
ep12527,-13.994164535871148
ep12528,30.311871915346735
ep12529,32.957730757419384
ep12530,38.41170416418801
ep12531,-13.994164535871148
ep12532,31.628153449845186
ep12533,-13.994164535871148
ep12534,30.311871915346735
ep12535,38.41170416418801
ep12536,-13.994164535871148
ep12537,-13.994164535871148
ep12538,-13.994164535871148
ep12539,29.00875319619327
ep12540,30.311871915346735
ep12541,-13.994164535871148
ep12542,-13.994164535871148
ep12543,-13.994164535871148
ep12544,-13.994164535871148
ep12545,-13.994164535871148
ep12546,32.957730757419384
ep12547,-13.994164535871148
ep12548,-13.994164535871148
ep12549,-13.994164535871148
ep12550,34.30073813880746
ep12551,30.311871915346735
ep12552,-13.994164535871148
ep12553,-13.994164535871148
ep12554,-13.994164535871148
ep12555,41.22202241015
ep12556,-13.994164535871148
ep12557,30.311871915346735
ep12558,-13.994164535871148
ep12559,-13.994164535871148
ep12560,41.22202241015
ep12561,-13.994164535871148
ep12562,-13.994164535871148
ep12563,34.30073813880746
ep12564,-13.994164535871148
ep12565,-13.994164535871148
ep12566,32.957730757419384
ep12567,-13.994164535871148
ep12568,-13.994164535871148
ep12569,-13.994164535871148
ep12570,-13.994164535871148
ep12571,-13.994164535871148
ep12572,-13.994164535871148
ep12573,-13.994164535871148
ep12574,-13.994164535871148
ep12575,39.80980218604849
ep12576,39.80980218604849
ep12577,35.65731125132067
ep12578,30.311871915346735
ep12579,-13.994164535871148
ep12580,38.41170416418801
ep12581,-13.994164535871148
ep12582,-13.994164535871148
ep12583,-13.994164535871148
ep12584,-13.994164535871148
ep12585,29.00875319619327
ep12586,-13.994164535871148
ep12587,29.00875319619327
ep12588,30.311871915346735
ep12589,-13.994164535871148
ep12590,-13.994164535871148
ep12591,38.41170416418801
ep12592,32.957730757419384
ep12593,30.311871915346735
ep12594,-13.994164535871148
ep12595,-13.994164535871148
ep12596,37.02758712254613
ep12597,-13.994164535871148
ep12598,37.02758712254613
ep12599,30.311871915346735
ep12600,38.41170416418801
ep12601,30.311871915346735
ep12602,-13.994164535871148
ep12603,41.22202241015
ep12604,-13.994164535871148
ep12605,38.41170416418801
ep12606,31.628153449845186
ep12607,34.30073813880746
ep12608,30.311871915346735
ep12609,-13.994164535871148
ep12610,38.41170416418801
ep12611,32.957730757419384
ep12612,34.30073813880746
ep12613,41.22202241015
ep12614,29.00875319619327
ep12615,31.628153449845186
ep12616,29.00875319619327
ep12617,31.628153449845186
ep12618,34.30073813880746
ep12619,-13.994164535871148
ep12620,-13.994164535871148
ep12621,29.00875319619327
ep12622,32.957730757419384
ep12623,32.957730757419384
ep12624,34.30073813880746
ep12625,35.65731125132067
ep12626,38.41170416418801
ep12627,34.30073813880746
ep12628,29.00875319619327
ep12629,-13.994164535871148
ep12630,-13.994164535871148
ep12631,38.41170416418801
ep12632,35.65731125132067
ep12633,35.65731125132067
ep12634,-13.994164535871148
ep12635,34.30073813880746
ep12636,-13.994164535871148
ep12637,-13.994164535871148
ep12638,37.02758712254613
ep12639,-13.994164535871148
ep12640,-13.994164535871148
ep12641,-13.994164535871148
ep12642,32.957730757419384
ep12643,30.311871915346735
ep12644,37.02758712254613
ep12645,-13.994164535871148
ep12646,31.628153449845186
ep12647,35.65731125132067
ep12648,-13.994164535871148
ep12649,-13.994164535871148
ep12650,41.22202241015
ep12651,-13.994164535871148
ep12652,31.628153449845186
ep12653,30.311871915346735
ep12654,31.628153449845186
ep12655,-13.994164535871148
ep12656,30.311871915346735
ep12657,-13.994164535871148
ep12658,-13.994164535871148
ep12659,30.311871915346735
ep12660,37.02758712254613
ep12661,32.957730757419384
ep12662,31.628153449845186
ep12663,38.41170416418801
ep12664,-13.994164535871148
ep12665,34.30073813880746
ep12666,37.02758712254613
ep12667,38.41170416418801
ep12668,30.311871915346735
ep12669,-13.994164535871148
ep12670,30.311871915346735
ep12671,32.957730757419384
ep12672,34.30073813880746
ep12673,-13.994164535871148
ep12674,31.628153449845186
ep12675,34.30073813880746
ep12676,35.65731125132067
ep12677,-13.994164535871148
ep12678,-13.994164535871148
ep12679,-13.994164535871148
ep12680,29.00875319619327
ep12681,-13.994164535871148
ep12682,31.628153449845186
ep12683,30.311871915346735
ep12684,30.311871915346735
ep12685,-13.994164535871148
ep12686,-13.994164535871148
ep12687,-13.994164535871148
ep12688,38.41170416418801
ep12689,30.311871915346735
ep12690,-13.994164535871148
ep12691,-13.994164535871148
ep12692,-13.994164535871148
ep12693,29.00875319619327
ep12694,-13.994164535871148
ep12695,-13.994164535871148
ep12696,31.628153449845186
ep12697,31.628153449845186
ep12698,-13.994164535871148
ep12699,-13.994164535871148
ep12700,-13.994164535871148
ep12701,41.22202241015
ep12702,-13.994164535871148
ep12703,30.311871915346735
ep12704,-13.994164535871148
ep12705,29.00875319619327
ep12706,-13.994164535871148
ep12707,-13.994164535871148
ep12708,30.311871915346735
ep12709,34.30073813880746
ep12710,-13.994164535871148
ep12711,-13.994164535871148
ep12712,-13.994164535871148
ep12713,-13.994164535871148
ep12714,29.00875319619327
ep12715,30.311871915346735
ep12716,30.311871915346735
ep12717,-13.994164535871148
ep12718,29.00875319619327
ep12719,30.311871915346735
ep12720,30.311871915346735
ep12721,35.65731125132067
ep12722,35.65731125132067
ep12723,30.311871915346735
ep12724,38.41170416418801
ep12725,-13.994164535871148
ep12726,-13.994164535871148
ep12727,-13.994164535871148
ep12728,39.80980218604849
ep12729,-13.994164535871148
ep12730,-13.994164535871148
ep12731,-13.994164535871148
ep12732,30.311871915346735
ep12733,32.957730757419384
ep12734,32.957730757419384
ep12735,29.00875319619327
ep12736,37.02758712254613
ep12737,-13.994164535871148
ep12738,35.65731125132067
ep12739,30.311871915346735
ep12740,38.41170416418801
ep12741,-13.994164535871148
ep12742,34.30073813880746
ep12743,-13.994164535871148
ep12744,-13.994164535871148
ep12745,30.311871915346735
ep12746,31.628153449845186
ep12747,-13.994164535871148
ep12748,30.311871915346735
ep12749,41.22202241015
ep12750,31.628153449845186
ep12751,37.02758712254613
ep12752,30.311871915346735
ep12753,32.957730757419384
ep12754,-13.994164535871148
ep12755,-13.994164535871148
ep12756,-13.994164535871148
ep12757,31.628153449845186
ep12758,41.22202241015
ep12759,34.30073813880746
ep12760,30.311871915346735
ep12761,34.30073813880746
ep12762,30.311871915346735
ep12763,34.30073813880746
ep12764,-13.994164535871148
ep12765,-13.994164535871148
ep12766,-13.994164535871148
ep12767,-13.994164535871148
ep12768,30.311871915346735
ep12769,30.311871915346735
ep12770,41.22202241015
ep12771,29.00875319619327
ep12772,34.30073813880746
ep12773,-13.994164535871148
ep12774,-13.994164535871148
ep12775,-13.994164535871148
ep12776,-13.994164535871148
ep12777,-13.994164535871148
ep12778,32.957730757419384
ep12779,38.41170416418801
ep12780,37.02758712254613
ep12781,29.00875319619327
ep12782,32.957730757419384
ep12783,32.957730757419384
ep12784,-13.994164535871148
ep12785,-13.994164535871148
ep12786,30.311871915346735
ep12787,29.00875319619327
ep12788,41.22202241015
ep12789,30.311871915346735
ep12790,35.65731125132067
ep12791,30.311871915346735
ep12792,-13.994164535871148
ep12793,34.30073813880746
ep12794,37.02758712254613
ep12795,37.02758712254613
ep12796,-13.994164535871148
ep12797,32.957730757419384
ep12798,-13.994164535871148
ep12799,-13.994164535871148
ep12800,-13.994164535871148
ep12801,41.22202241015
ep12802,29.00875319619327
ep12803,-13.994164535871148
ep12804,37.02758712254613
ep12805,32.957730757419384
ep12806,41.22202241015
ep12807,32.957730757419384
ep12808,32.957730757419384
ep12809,38.41170416418801
ep12810,29.00875319619327
ep12811,39.80980218604849
ep12812,-13.994164535871148
ep12813,30.311871915346735
ep12814,32.957730757419384
ep12815,-13.994164535871148
ep12816,-13.994164535871148
ep12817,37.02758712254613
ep12818,35.65731125132067
ep12819,37.02758712254613
ep12820,32.957730757419384
ep12821,-13.994164535871148
ep12822,30.311871915346735
ep12823,-13.994164535871148
ep12824,39.80980218604849
ep12825,37.02758712254613
ep12826,-13.994164535871148
ep12827,-13.994164535871148
ep12828,30.311871915346735
ep12829,-13.994164535871148
ep12830,30.311871915346735
ep12831,-13.994164535871148
ep12832,-13.994164535871148
ep12833,41.22202241015
ep12834,-13.994164535871148
ep12835,38.41170416418801
ep12836,29.00875319619327
ep12837,-13.994164535871148
ep12838,-13.994164535871148
ep12839,32.957730757419384
ep12840,35.65731125132067
ep12841,32.957730757419384
ep12842,31.628153449845186
ep12843,-13.994164535871148
ep12844,32.957730757419384
ep12845,29.00875319619327
ep12846,32.957730757419384
ep12847,37.02758712254613
ep12848,-13.994164535871148
ep12849,31.628153449845186
ep12850,-13.994164535871148
ep12851,35.65731125132067
ep12852,30.311871915346735
ep12853,39.80980218604849
ep12854,32.957730757419384
ep12855,-13.994164535871148
ep12856,35.65731125132067
ep12857,31.628153449845186
ep12858,-13.994164535871148
ep12859,-13.994164535871148
ep12860,34.30073813880746
ep12861,34.30073813880746
ep12862,-13.994164535871148
ep12863,32.957730757419384
ep12864,37.02758712254613
ep12865,30.311871915346735
ep12866,31.628153449845186
ep12867,-13.994164535871148
ep12868,31.628153449845186
ep12869,29.00875319619327
ep12870,32.957730757419384
ep12871,-13.994164535871148
ep12872,-13.994164535871148
ep12873,-13.994164535871148
ep12874,34.30073813880746
ep12875,35.65731125132067
ep12876,-13.994164535871148
ep12877,-13.994164535871148
ep12878,41.22202241015
ep12879,30.311871915346735
ep12880,30.311871915346735
ep12881,-13.994164535871148
ep12882,38.41170416418801
ep12883,31.628153449845186
ep12884,-13.994164535871148
ep12885,30.311871915346735
ep12886,-13.994164535871148
ep12887,-13.994164535871148
ep12888,41.22202241015
ep12889,30.311871915346735
ep12890,-13.994164535871148
ep12891,29.00875319619327
ep12892,30.311871915346735
ep12893,-13.994164535871148
ep12894,35.65731125132067
ep12895,30.311871915346735
ep12896,38.41170416418801
ep12897,-13.994164535871148
ep12898,-13.994164535871148
ep12899,-13.994164535871148
ep12900,37.02758712254613
ep12901,39.80980218604849
ep12902,37.02758712254613
ep12903,-13.994164535871148
ep12904,-13.994164535871148
ep12905,-13.994164535871148
ep12906,35.65731125132067
ep12907,37.02758712254613
ep12908,-13.994164535871148
ep12909,-13.994164535871148
ep12910,-13.994164535871148
ep12911,32.957730757419384
ep12912,-13.994164535871148
ep12913,41.22202241015
ep12914,31.628153449845186
ep12915,30.311871915346735
ep12916,32.957730757419384
ep12917,-13.994164535871148
ep12918,-13.994164535871148
ep12919,-13.994164535871148
ep12920,37.02758712254613
ep12921,29.00875319619327
ep12922,-13.994164535871148
ep12923,-13.994164535871148
ep12924,-13.994164535871148
ep12925,-13.994164535871148
ep12926,41.22202241015
ep12927,41.22202241015
ep12928,30.311871915346735
ep12929,34.30073813880746
ep12930,38.41170416418801
ep12931,-13.994164535871148
ep12932,31.628153449845186
ep12933,-13.994164535871148
ep12934,30.311871915346735
ep12935,-13.994164535871148
ep12936,34.30073813880746
ep12937,-13.994164535871148
ep12938,35.65731125132067
ep12939,35.65731125132067
ep12940,-13.994164535871148
ep12941,34.30073813880746
ep12942,34.30073813880746
ep12943,32.957730757419384
ep12944,37.02758712254613
ep12945,32.957730757419384
ep12946,32.957730757419384
ep12947,35.65731125132067
ep12948,32.957730757419384
ep12949,-13.994164535871148
ep12950,-13.994164535871148
ep12951,38.41170416418801
ep12952,39.80980218604849
ep12953,37.02758712254613
ep12954,31.628153449845186
ep12955,29.00875319619327
ep12956,-13.994164535871148
ep12957,37.02758712254613
ep12958,-13.994164535871148
ep12959,32.957730757419384
ep12960,30.311871915346735
ep12961,30.311871915346735
ep12962,-13.994164535871148
ep12963,31.628153449845186
ep12964,37.02758712254613
ep12965,31.628153449845186
ep12966,-13.994164535871148
ep12967,30.311871915346735
ep12968,29.00875319619327
ep12969,31.628153449845186
ep12970,37.02758712254613
ep12971,38.41170416418801
ep12972,30.311871915346735
ep12973,-13.994164535871148
ep12974,-13.994164535871148
ep12975,-13.994164535871148
ep12976,-13.994164535871148
ep12977,34.30073813880746
ep12978,38.41170416418801
ep12979,34.30073813880746
ep12980,30.311871915346735
ep12981,-13.994164535871148
ep12982,34.30073813880746
ep12983,31.628153449845186
ep12984,41.22202241015
ep12985,-13.994164535871148
ep12986,-13.994164535871148
ep12987,-13.994164535871148
ep12988,29.00875319619327
ep12989,31.628153449845186
ep12990,30.311871915346735
ep12991,37.02758712254613
ep12992,-13.994164535871148
ep12993,30.311871915346735
ep12994,32.957730757419384
ep12995,41.22202241015
ep12996,-13.994164535871148
ep12997,39.80980218604849
ep12998,-13.994164535871148
ep12999,30.311871915346735
ep13000,38.41170416418801
ep13001,-13.994164535871148
ep13002,29.00875319619327
ep13003,-13.994164535871148
ep13004,-13.994164535871148
ep13005,-13.994164535871148
ep13006,30.311871915346735
ep13007,32.957730757419384
ep13008,-13.994164535871148
ep13009,-13.994164535871148
ep13010,-13.994164535871148
ep13011,34.30073813880746
ep13012,-13.994164535871148
ep13013,29.00875319619327
ep13014,30.311871915346735
ep13015,-13.994164535871148
ep13016,29.00875319619327
ep13017,-13.994164535871148
ep13018,-13.994164535871148
ep13019,37.02758712254613
ep13020,30.311871915346735
ep13021,-13.994164535871148
ep13022,37.02758712254613
ep13023,-13.994164535871148
ep13024,37.02758712254613
ep13025,31.628153449845186
ep13026,-13.994164535871148
ep13027,37.02758712254613
ep13028,34.30073813880746
ep13029,38.41170416418801
ep13030,30.311871915346735
ep13031,35.65731125132067
ep13032,-13.994164535871148
ep13033,-13.994164535871148
ep13034,-13.994164535871148
ep13035,-13.994164535871148
ep13036,35.65731125132067
ep13037,41.22202241015
ep13038,35.65731125132067
ep13039,39.80980218604849
ep13040,-13.994164535871148
ep13041,31.628153449845186
ep13042,-13.994164535871148
ep13043,31.628153449845186
ep13044,41.22202241015
ep13045,29.00875319619327
ep13046,-13.994164535871148
ep13047,38.41170416418801
ep13048,38.41170416418801
ep13049,-13.994164535871148
ep13050,30.311871915346735
ep13051,30.311871915346735
ep13052,-13.994164535871148
ep13053,-13.994164535871148
ep13054,-13.994164535871148
ep13055,-13.994164535871148
ep13056,-13.994164535871148
ep13057,30.311871915346735
ep13058,31.628153449845186
ep13059,38.41170416418801
ep13060,-13.994164535871148
ep13061,39.80980218604849
ep13062,-13.994164535871148
ep13063,31.628153449845186
ep13064,39.80980218604849
ep13065,29.00875319619327
ep13066,32.957730757419384
ep13067,-13.994164535871148
ep13068,-13.994164535871148
ep13069,37.02758712254613
ep13070,39.80980218604849
ep13071,34.30073813880746
ep13072,39.80980218604849
ep13073,32.957730757419384
ep13074,-13.994164535871148
ep13075,37.02758712254613
ep13076,-13.994164535871148
ep13077,37.02758712254613
ep13078,-13.994164535871148
ep13079,37.02758712254613
ep13080,32.957730757419384
ep13081,34.30073813880746
ep13082,-13.994164535871148
ep13083,35.65731125132067
ep13084,37.02758712254613
ep13085,38.41170416418801
ep13086,35.65731125132067
ep13087,31.628153449845186
ep13088,29.00875319619327
ep13089,30.311871915346735
ep13090,-13.994164535871148
ep13091,29.00875319619327
ep13092,32.957730757419384
ep13093,34.30073813880746
ep13094,30.311871915346735
ep13095,39.80980218604849
ep13096,-13.994164535871148
ep13097,30.311871915346735
ep13098,34.30073813880746
ep13099,30.311871915346735
ep13100,31.628153449845186
ep13101,41.22202241015
ep13102,35.65731125132067
ep13103,-13.994164535871148
ep13104,32.957730757419384
ep13105,38.41170416418801
ep13106,38.41170416418801
ep13107,-13.994164535871148
ep13108,-13.994164535871148
ep13109,38.41170416418801
ep13110,35.65731125132067
ep13111,34.30073813880746
ep13112,39.80980218604849
ep13113,29.00875319619327
ep13114,-13.994164535871148
ep13115,-13.994164535871148
ep13116,34.30073813880746
ep13117,34.30073813880746
ep13118,35.65731125132067
ep13119,-13.994164535871148
ep13120,29.00875319619327
ep13121,32.957730757419384
ep13122,34.30073813880746
ep13123,30.311871915346735
ep13124,-13.994164535871148
ep13125,-13.994164535871148
ep13126,39.80980218604849
ep13127,41.22202241015
ep13128,37.02758712254613
ep13129,-13.994164535871148
ep13130,-13.994164535871148
ep13131,-13.994164535871148
ep13132,32.957730757419384
ep13133,-13.994164535871148
ep13134,-13.994164535871148
ep13135,-13.994164535871148
ep13136,-13.994164535871148
ep13137,-13.994164535871148
ep13138,32.957730757419384
ep13139,34.30073813880746
ep13140,-13.994164535871148
ep13141,-13.994164535871148
ep13142,-13.994164535871148
ep13143,41.22202241015
ep13144,-13.994164535871148
ep13145,39.80980218604849
ep13146,30.311871915346735
ep13147,-13.994164535871148
ep13148,-13.994164535871148
ep13149,-13.994164535871148
ep13150,34.30073813880746
ep13151,30.311871915346735
ep13152,-13.994164535871148
ep13153,-13.994164535871148
ep13154,29.00875319619327
ep13155,31.628153449845186
ep13156,37.02758712254613
ep13157,-13.994164535871148
ep13158,31.628153449845186
ep13159,38.41170416418801
ep13160,34.30073813880746
ep13161,-13.994164535871148
ep13162,37.02758712254613
ep13163,-13.994164535871148
ep13164,-13.994164535871148
ep13165,-13.994164535871148
ep13166,34.30073813880746
ep13167,-13.994164535871148
ep13168,30.311871915346735
ep13169,38.41170416418801
ep13170,32.957730757419384
ep13171,-13.994164535871148
ep13172,35.65731125132067
ep13173,-13.994164535871148
ep13174,-13.994164535871148
ep13175,-13.994164535871148
ep13176,30.311871915346735
ep13177,34.30073813880746
ep13178,37.02758712254613
ep13179,38.41170416418801
ep13180,-13.994164535871148
ep13181,-13.994164535871148
ep13182,35.65731125132067
ep13183,-13.994164535871148
ep13184,-13.994164535871148
ep13185,30.311871915346735
ep13186,30.311871915346735
ep13187,-13.994164535871148
ep13188,31.628153449845186
ep13189,29.00875319619327
ep13190,39.80980218604849
ep13191,-13.994164535871148
ep13192,-13.994164535871148
ep13193,30.311871915346735
ep13194,30.311871915346735
ep13195,-13.994164535871148
ep13196,-13.994164535871148
ep13197,-13.994164535871148
ep13198,29.00875319619327
ep13199,-13.994164535871148
ep13200,39.80980218604849
ep13201,-13.994164535871148
ep13202,35.65731125132067
ep13203,30.311871915346735
ep13204,32.957730757419384
ep13205,-13.994164535871148
ep13206,-13.994164535871148
ep13207,-13.994164535871148
ep13208,-13.994164535871148
ep13209,-13.994164535871148
ep13210,32.957730757419384
ep13211,-13.994164535871148
ep13212,-13.994164535871148
ep13213,-13.994164535871148
ep13214,37.02758712254613
ep13215,30.311871915346735
ep13216,-13.994164535871148
ep13217,29.00875319619327
ep13218,-13.994164535871148
ep13219,-13.994164535871148
ep13220,-13.994164535871148
ep13221,-13.994164535871148
ep13222,-13.994164535871148
ep13223,35.65731125132067
ep13224,35.65731125132067
ep13225,30.311871915346735
ep13226,31.628153449845186
ep13227,-13.994164535871148
ep13228,34.30073813880746
ep13229,-13.994164535871148
ep13230,34.30073813880746
ep13231,-13.994164535871148
ep13232,32.957730757419384
ep13233,30.311871915346735
ep13234,-13.994164535871148
ep13235,32.957730757419384
ep13236,-13.994164535871148
ep13237,34.30073813880746
ep13238,-13.994164535871148
ep13239,-13.994164535871148
ep13240,29.00875319619327
ep13241,31.628153449845186
ep13242,31.628153449845186
ep13243,-13.994164535871148
ep13244,-13.994164535871148
ep13245,34.30073813880746
ep13246,-13.994164535871148
ep13247,-13.994164535871148
ep13248,-13.994164535871148
ep13249,32.957730757419384
ep13250,31.628153449845186
ep13251,29.00875319619327
ep13252,-13.994164535871148
ep13253,37.02758712254613
ep13254,41.22202241015
ep13255,41.22202241015
ep13256,-13.994164535871148
ep13257,-13.994164535871148
ep13258,31.628153449845186
ep13259,34.30073813880746
ep13260,-13.994164535871148
ep13261,-13.994164535871148
ep13262,34.30073813880746
ep13263,-13.994164535871148
ep13264,38.41170416418801
ep13265,34.30073813880746
ep13266,34.30073813880746
ep13267,34.30073813880746
ep13268,34.30073813880746
ep13269,31.628153449845186
ep13270,-13.994164535871148
ep13271,32.957730757419384
ep13272,-13.994164535871148
ep13273,-13.994164535871148
ep13274,-13.994164535871148
ep13275,34.30073813880746
ep13276,31.628153449845186
ep13277,34.30073813880746
ep13278,38.41170416418801
ep13279,31.628153449845186
ep13280,-13.994164535871148
ep13281,-13.994164535871148
ep13282,-13.994164535871148
ep13283,31.628153449845186
ep13284,31.628153449845186
ep13285,37.02758712254613
ep13286,39.80980218604849
ep13287,34.30073813880746
ep13288,31.628153449845186
ep13289,41.22202241015
ep13290,30.311871915346735
ep13291,29.00875319619327
ep13292,31.628153449845186
ep13293,31.628153449845186
ep13294,-13.994164535871148
ep13295,-13.994164535871148
ep13296,35.65731125132067
ep13297,-13.994164535871148
ep13298,-13.994164535871148
ep13299,35.65731125132067
ep13300,32.957730757419384
ep13301,-13.994164535871148
ep13302,37.02758712254613
ep13303,-13.994164535871148
ep13304,-13.994164535871148
ep13305,30.311871915346735
ep13306,29.00875319619327
ep13307,-13.994164535871148
ep13308,32.957730757419384
ep13309,-13.994164535871148
ep13310,30.311871915346735
ep13311,-13.994164535871148
ep13312,32.957730757419384
ep13313,29.00875319619327
ep13314,-13.994164535871148
ep13315,30.311871915346735
ep13316,37.02758712254613
ep13317,31.628153449845186
ep13318,32.957730757419384
ep13319,34.30073813880746
ep13320,30.311871915346735
ep13321,37.02758712254613
ep13322,-13.994164535871148
ep13323,-13.994164535871148
ep13324,41.22202241015
ep13325,30.311871915346735
ep13326,30.311871915346735
ep13327,-13.994164535871148
ep13328,-13.994164535871148
ep13329,31.628153449845186
ep13330,35.65731125132067
ep13331,30.311871915346735
ep13332,32.957730757419384
ep13333,-13.994164535871148
ep13334,37.02758712254613
ep13335,34.30073813880746
ep13336,31.628153449845186
ep13337,37.02758712254613
ep13338,-13.994164535871148
ep13339,39.80980218604849
ep13340,34.30073813880746
ep13341,-13.994164535871148
ep13342,35.65731125132067
ep13343,30.311871915346735
ep13344,37.02758712254613
ep13345,-13.994164535871148
ep13346,-13.994164535871148
ep13347,32.957730757419384
ep13348,35.65731125132067
ep13349,34.30073813880746
ep13350,-13.994164535871148
ep13351,31.628153449845186
ep13352,-13.994164535871148
ep13353,34.30073813880746
ep13354,-13.994164535871148
ep13355,-13.994164535871148
ep13356,-13.994164535871148
ep13357,32.957730757419384
ep13358,-13.994164535871148
ep13359,35.65731125132067
ep13360,31.628153449845186
ep13361,-13.994164535871148
ep13362,37.02758712254613
ep13363,-13.994164535871148
ep13364,34.30073813880746
ep13365,-13.994164535871148
ep13366,32.957730757419384
ep13367,-13.994164535871148
ep13368,37.02758712254613
ep13369,-13.994164535871148
ep13370,39.80980218604849
ep13371,30.311871915346735
ep13372,38.41170416418801
ep13373,-13.994164535871148
ep13374,31.628153449845186
ep13375,32.957730757419384
ep13376,30.311871915346735
ep13377,-13.994164535871148
ep13378,-13.994164535871148
ep13379,-13.994164535871148
ep13380,31.628153449845186
ep13381,34.30073813880746
ep13382,31.628153449845186
ep13383,-13.994164535871148
ep13384,30.311871915346735
ep13385,34.30073813880746
ep13386,-13.994164535871148
ep13387,35.65731125132067
ep13388,-13.994164535871148
ep13389,-13.994164535871148
ep13390,30.311871915346735
ep13391,32.957730757419384
ep13392,39.80980218604849
ep13393,30.311871915346735
ep13394,29.00875319619327
ep13395,-13.994164535871148
ep13396,-13.994164535871148
ep13397,32.957730757419384
ep13398,-13.994164535871148
ep13399,-13.994164535871148
ep13400,29.00875319619327
ep13401,-13.994164535871148
ep13402,-13.994164535871148
ep13403,30.311871915346735
ep13404,30.311871915346735
ep13405,-13.994164535871148
ep13406,38.41170416418801
ep13407,30.311871915346735
ep13408,29.00875319619327
ep13409,32.957730757419384
ep13410,-13.994164535871148
ep13411,30.311871915346735
ep13412,-13.994164535871148
ep13413,37.02758712254613
ep13414,32.957730757419384
ep13415,32.957730757419384
ep13416,34.30073813880746
ep13417,-13.994164535871148
ep13418,-13.994164535871148
ep13419,-13.994164535871148
ep13420,32.957730757419384
ep13421,-13.994164535871148
ep13422,31.628153449845186
ep13423,34.30073813880746
ep13424,34.30073813880746
ep13425,41.22202241015
ep13426,32.957730757419384
ep13427,41.22202241015
ep13428,-13.994164535871148
ep13429,-13.994164535871148
ep13430,37.02758712254613
ep13431,-13.994164535871148
ep13432,-13.994164535871148
ep13433,-13.994164535871148
ep13434,-13.994164535871148
ep13435,-13.994164535871148
ep13436,32.957730757419384
ep13437,32.957730757419384
ep13438,31.628153449845186
ep13439,41.22202241015
ep13440,-13.994164535871148
ep13441,35.65731125132067
ep13442,37.02758712254613
ep13443,34.30073813880746
ep13444,35.65731125132067
ep13445,30.311871915346735
ep13446,-13.994164535871148
ep13447,38.41170416418801
ep13448,37.02758712254613
ep13449,-13.994164535871148
ep13450,30.311871915346735
ep13451,-13.994164535871148
ep13452,41.22202241015
ep13453,32.957730757419384
ep13454,29.00875319619327
ep13455,34.30073813880746
ep13456,-13.994164535871148
ep13457,-13.994164535871148
ep13458,-13.994164535871148
ep13459,30.311871915346735
ep13460,35.65731125132067
ep13461,41.22202241015
ep13462,39.80980218604849
ep13463,39.80980218604849
ep13464,32.957730757419384
ep13465,-13.994164535871148
ep13466,-13.994164535871148
ep13467,-13.994164535871148
ep13468,-13.994164535871148
ep13469,-13.994164535871148
ep13470,-13.994164535871148
ep13471,41.22202241015
ep13472,-13.994164535871148
ep13473,-13.994164535871148
ep13474,-13.994164535871148
ep13475,32.957730757419384
ep13476,30.311871915346735
ep13477,30.311871915346735
ep13478,41.22202241015
ep13479,35.65731125132067
ep13480,-13.994164535871148
ep13481,41.22202241015
ep13482,-13.994164535871148
ep13483,37.02758712254613
ep13484,35.65731125132067
ep13485,-13.994164535871148
ep13486,32.957730757419384
ep13487,-13.994164535871148
ep13488,34.30073813880746
ep13489,-13.994164535871148
ep13490,35.65731125132067
ep13491,-13.994164535871148
ep13492,-13.994164535871148
ep13493,30.311871915346735
ep13494,34.30073813880746
ep13495,32.957730757419384
ep13496,-13.994164535871148
ep13497,-13.994164535871148
ep13498,-13.994164535871148
ep13499,38.41170416418801
ep13500,37.02758712254613
ep13501,30.311871915346735
ep13502,41.22202241015
ep13503,35.65731125132067
ep13504,29.00875319619327
ep13505,31.628153449845186
ep13506,-13.994164535871148
ep13507,30.311871915346735
ep13508,-13.994164535871148
ep13509,39.80980218604849
ep13510,30.311871915346735
ep13511,-13.994164535871148
ep13512,32.957730757419384
ep13513,30.311871915346735
ep13514,39.80980218604849
ep13515,-13.994164535871148
ep13516,-13.994164535871148
ep13517,29.00875319619327
ep13518,-13.994164535871148
ep13519,-13.994164535871148
ep13520,-13.994164535871148
ep13521,29.00875319619327
ep13522,-13.994164535871148
ep13523,29.00875319619327
ep13524,38.41170416418801
ep13525,38.41170416418801
ep13526,29.00875319619327
ep13527,-13.994164535871148
ep13528,31.628153449845186
ep13529,39.80980218604849
ep13530,-13.994164535871148
ep13531,35.65731125132067
ep13532,39.80980218604849
ep13533,30.311871915346735
ep13534,-13.994164535871148
ep13535,-13.994164535871148
ep13536,38.41170416418801
ep13537,34.30073813880746
ep13538,-13.994164535871148
ep13539,30.311871915346735
ep13540,-13.994164535871148
ep13541,30.311871915346735
ep13542,-13.994164535871148
ep13543,41.22202241015
ep13544,30.311871915346735
ep13545,34.30073813880746
ep13546,-13.994164535871148
ep13547,-13.994164535871148
ep13548,-13.994164535871148
ep13549,-13.994164535871148
ep13550,-13.994164535871148
ep13551,-13.994164535871148
ep13552,32.957730757419384
ep13553,32.957730757419384
ep13554,34.30073813880746
ep13555,-13.994164535871148
ep13556,-13.994164535871148
ep13557,34.30073813880746
ep13558,29.00875319619327
ep13559,-13.994164535871148
ep13560,31.628153449845186
ep13561,-13.994164535871148
ep13562,-13.994164535871148
ep13563,32.957730757419384
ep13564,-13.994164535871148
ep13565,32.957730757419384
ep13566,30.311871915346735
ep13567,-13.994164535871148
ep13568,-13.994164535871148
ep13569,-13.994164535871148
ep13570,32.957730757419384
ep13571,31.628153449845186
ep13572,-13.994164535871148
ep13573,35.65731125132067
ep13574,-13.994164535871148
ep13575,-13.994164535871148
ep13576,39.80980218604849
ep13577,-13.994164535871148
ep13578,38.41170416418801
ep13579,35.65731125132067
ep13580,29.00875319619327
ep13581,39.80980218604849
ep13582,-13.994164535871148
ep13583,-13.994164535871148
ep13584,30.311871915346735
ep13585,-13.994164535871148
ep13586,-13.994164535871148
ep13587,31.628153449845186
ep13588,32.957730757419384
ep13589,31.628153449845186
ep13590,41.22202241015
ep13591,31.628153449845186
ep13592,31.628153449845186
ep13593,-13.994164535871148
ep13594,38.41170416418801
ep13595,29.00875319619327
ep13596,35.65731125132067
ep13597,-13.994164535871148
ep13598,-13.994164535871148
ep13599,41.22202241015
ep13600,30.311871915346735
ep13601,32.957730757419384
ep13602,37.02758712254613
ep13603,37.02758712254613
ep13604,-13.994164535871148
ep13605,-13.994164535871148
ep13606,30.311871915346735
ep13607,41.22202241015
ep13608,-13.994164535871148
ep13609,32.957730757419384
ep13610,31.628153449845186
ep13611,29.00875319619327
ep13612,30.311871915346735
ep13613,32.957730757419384
ep13614,31.628153449845186
ep13615,-13.994164535871148
ep13616,-13.994164535871148
ep13617,35.65731125132067
ep13618,31.628153449845186
ep13619,30.311871915346735
ep13620,-13.994164535871148
ep13621,34.30073813880746
ep13622,-13.994164535871148
ep13623,34.30073813880746
ep13624,30.311871915346735
ep13625,-13.994164535871148
ep13626,-13.994164535871148
ep13627,-13.994164535871148
ep13628,-13.994164535871148
ep13629,-13.994164535871148
ep13630,38.41170416418801
ep13631,30.311871915346735
ep13632,-13.994164535871148
ep13633,30.311871915346735
ep13634,-13.994164535871148
ep13635,30.311871915346735
ep13636,30.311871915346735
ep13637,-13.994164535871148
ep13638,32.957730757419384
ep13639,39.80980218604849
ep13640,35.65731125132067
ep13641,-13.994164535871148
ep13642,34.30073813880746
ep13643,-13.994164535871148
ep13644,35.65731125132067
ep13645,-13.994164535871148
ep13646,-13.994164535871148
ep13647,30.311871915346735
ep13648,-13.994164535871148
ep13649,38.41170416418801
ep13650,41.22202241015
ep13651,39.80980218604849
ep13652,30.311871915346735
ep13653,37.02758712254613
ep13654,-13.994164535871148
ep13655,-13.994164535871148
ep13656,39.80980218604849
ep13657,34.30073813880746
ep13658,35.65731125132067
ep13659,38.41170416418801
ep13660,29.00875319619327
ep13661,-13.994164535871148
ep13662,38.41170416418801
ep13663,30.311871915346735
ep13664,39.80980218604849
ep13665,30.311871915346735
ep13666,-13.994164535871148
ep13667,39.80980218604849
ep13668,37.02758712254613
ep13669,30.311871915346735
ep13670,38.41170416418801
ep13671,-13.994164535871148
ep13672,31.628153449845186
ep13673,37.02758712254613
ep13674,39.80980218604849
ep13675,30.311871915346735
ep13676,34.30073813880746
ep13677,30.311871915346735
ep13678,41.22202241015
ep13679,-13.994164535871148
ep13680,-13.994164535871148
ep13681,-13.994164535871148
ep13682,-13.994164535871148
ep13683,34.30073813880746
ep13684,32.957730757419384
ep13685,41.22202241015
ep13686,-13.994164535871148
ep13687,37.02758712254613
ep13688,37.02758712254613
ep13689,-13.994164535871148
ep13690,29.00875319619327
ep13691,32.957730757419384
ep13692,41.22202241015
ep13693,32.957730757419384
ep13694,38.41170416418801
ep13695,-13.994164535871148
ep13696,34.30073813880746
ep13697,31.628153449845186
ep13698,-13.994164535871148
ep13699,32.957730757419384
ep13700,31.628153449845186
ep13701,-13.994164535871148
ep13702,30.311871915346735
ep13703,38.41170416418801
ep13704,-13.994164535871148
ep13705,-13.994164535871148
ep13706,32.957730757419384
ep13707,35.65731125132067
ep13708,30.311871915346735
ep13709,32.957730757419384
ep13710,-13.994164535871148
ep13711,34.30073813880746
ep13712,34.30073813880746
ep13713,32.957730757419384
ep13714,-13.994164535871148
ep13715,-13.994164535871148
ep13716,34.30073813880746
ep13717,38.41170416418801
ep13718,-13.994164535871148
ep13719,-13.994164535871148
ep13720,32.957730757419384
ep13721,31.628153449845186
ep13722,34.30073813880746
ep13723,29.00875319619327
ep13724,-13.994164535871148
ep13725,32.957730757419384
ep13726,29.00875319619327
ep13727,-13.994164535871148
ep13728,37.02758712254613
ep13729,32.957730757419384
ep13730,39.80980218604849
ep13731,-13.994164535871148
ep13732,31.628153449845186
ep13733,-13.994164535871148
ep13734,32.957730757419384
ep13735,-13.994164535871148
ep13736,37.02758712254613
ep13737,-13.994164535871148
ep13738,30.311871915346735
ep13739,-13.994164535871148
ep13740,-13.994164535871148
ep13741,38.41170416418801
ep13742,32.957730757419384
ep13743,32.957730757419384
ep13744,-13.994164535871148
ep13745,-13.994164535871148
ep13746,-13.994164535871148
ep13747,31.628153449845186
ep13748,41.22202241015
ep13749,29.00875319619327
ep13750,34.30073813880746
ep13751,31.628153449845186
ep13752,30.311871915346735
ep13753,30.311871915346735
ep13754,-13.994164535871148
ep13755,-13.994164535871148
ep13756,31.628153449845186
ep13757,34.30073813880746
ep13758,32.957730757419384
ep13759,-13.994164535871148
ep13760,-13.994164535871148
ep13761,37.02758712254613
ep13762,-13.994164535871148
ep13763,32.957730757419384
ep13764,-13.994164535871148
ep13765,-13.994164535871148
ep13766,-13.994164535871148
ep13767,41.22202241015
ep13768,32.957730757419384
ep13769,-13.994164535871148
ep13770,30.311871915346735
ep13771,-13.994164535871148
ep13772,-13.994164535871148
ep13773,32.957730757419384
ep13774,30.311871915346735
ep13775,39.80980218604849
ep13776,-13.994164535871148
ep13777,-13.994164535871148
ep13778,35.65731125132067
ep13779,29.00875319619327
ep13780,-13.994164535871148
ep13781,34.30073813880746
ep13782,-13.994164535871148
ep13783,-13.994164535871148
ep13784,-13.994164535871148
ep13785,34.30073813880746
ep13786,31.628153449845186
ep13787,-13.994164535871148
ep13788,-13.994164535871148
ep13789,35.65731125132067
ep13790,-13.994164535871148
ep13791,35.65731125132067
ep13792,30.311871915346735
ep13793,-13.994164535871148
ep13794,-13.994164535871148
ep13795,-13.994164535871148
ep13796,-13.994164535871148
ep13797,29.00875319619327
ep13798,39.80980218604849
ep13799,-13.994164535871148
ep13800,30.311871915346735
ep13801,34.30073813880746
ep13802,-13.994164535871148
ep13803,32.957730757419384
ep13804,32.957730757419384
ep13805,39.80980218604849
ep13806,35.65731125132067
ep13807,29.00875319619327
ep13808,-13.994164535871148
ep13809,35.65731125132067
ep13810,-13.994164535871148
ep13811,30.311871915346735
ep13812,31.628153449845186
ep13813,38.41170416418801
ep13814,29.00875319619327
ep13815,37.02758712254613
ep13816,30.311871915346735
ep13817,39.80980218604849
ep13818,30.311871915346735
ep13819,32.957730757419384
ep13820,-13.994164535871148
ep13821,32.957730757419384
ep13822,34.30073813880746
ep13823,32.957730757419384
ep13824,-13.994164535871148
ep13825,31.628153449845186
ep13826,31.628153449845186
ep13827,30.311871915346735
ep13828,-13.994164535871148
ep13829,35.65731125132067
ep13830,-13.994164535871148
ep13831,39.80980218604849
ep13832,32.957730757419384
ep13833,31.628153449845186
ep13834,-13.994164535871148
ep13835,30.311871915346735
ep13836,35.65731125132067
ep13837,-13.994164535871148
ep13838,30.311871915346735
ep13839,-13.994164535871148
ep13840,-13.994164535871148
ep13841,-13.994164535871148
ep13842,-13.994164535871148
ep13843,30.311871915346735
ep13844,-13.994164535871148
ep13845,41.22202241015
ep13846,-13.994164535871148
ep13847,-13.994164535871148
ep13848,35.65731125132067
ep13849,34.30073813880746
ep13850,30.311871915346735
ep13851,-13.994164535871148
ep13852,29.00875319619327
ep13853,34.30073813880746
ep13854,-13.994164535871148
ep13855,30.311871915346735
ep13856,38.41170416418801
ep13857,-13.994164535871148
ep13858,-13.994164535871148
ep13859,-13.994164535871148
ep13860,35.65731125132067
ep13861,31.628153449845186
ep13862,30.311871915346735
ep13863,-13.994164535871148
ep13864,37.02758712254613
ep13865,34.30073813880746
ep13866,29.00875319619327
ep13867,-13.994164535871148
ep13868,-13.994164535871148
ep13869,31.628153449845186
ep13870,31.628153449845186
ep13871,-13.994164535871148
ep13872,34.30073813880746
ep13873,31.628153449845186
ep13874,32.957730757419384
ep13875,-13.994164535871148
ep13876,-13.994164535871148
ep13877,34.30073813880746
ep13878,32.957730757419384
ep13879,32.957730757419384
ep13880,39.80980218604849
ep13881,-13.994164535871148
ep13882,37.02758712254613
ep13883,-13.994164535871148
ep13884,35.65731125132067
ep13885,-13.994164535871148
ep13886,31.628153449845186
ep13887,35.65731125132067
ep13888,-13.994164535871148
ep13889,37.02758712254613
ep13890,-13.994164535871148
ep13891,31.628153449845186
ep13892,-13.994164535871148
ep13893,-13.994164535871148
ep13894,32.957730757419384
ep13895,29.00875319619327
ep13896,30.311871915346735
ep13897,-13.994164535871148
ep13898,-13.994164535871148
ep13899,35.65731125132067
ep13900,-13.994164535871148
ep13901,41.22202241015
ep13902,-13.994164535871148
ep13903,30.311871915346735
ep13904,32.957730757419384
ep13905,-13.994164535871148
ep13906,-13.994164535871148
ep13907,35.65731125132067
ep13908,34.30073813880746
ep13909,-13.994164535871148
ep13910,-13.994164535871148
ep13911,-13.994164535871148
ep13912,-13.994164535871148
ep13913,41.22202241015
ep13914,29.00875319619327
ep13915,30.311871915346735
ep13916,34.30073813880746
ep13917,39.80980218604849
ep13918,32.957730757419384
ep13919,-13.994164535871148
ep13920,31.628153449845186
ep13921,39.80980218604849
ep13922,-13.994164535871148
ep13923,39.80980218604849
ep13924,32.957730757419384
ep13925,-13.994164535871148
ep13926,-13.994164535871148
ep13927,-13.994164535871148
ep13928,31.628153449845186
ep13929,-13.994164535871148
ep13930,-13.994164535871148
ep13931,-13.994164535871148
ep13932,-13.994164535871148
ep13933,39.80980218604849
ep13934,31.628153449845186
ep13935,31.628153449845186
ep13936,-13.994164535871148
ep13937,-13.994164535871148
ep13938,30.311871915346735
ep13939,-13.994164535871148
ep13940,30.311871915346735
ep13941,34.30073813880746
ep13942,-13.994164535871148
ep13943,41.22202241015
ep13944,34.30073813880746
ep13945,38.41170416418801
ep13946,-13.994164535871148
ep13947,29.00875319619327
ep13948,-13.994164535871148
ep13949,30.311871915346735
ep13950,39.80980218604849
ep13951,30.311871915346735
ep13952,32.957730757419384
ep13953,34.30073813880746
ep13954,29.00875319619327
ep13955,-13.994164535871148
ep13956,-13.994164535871148
ep13957,-13.994164535871148
ep13958,-13.994164535871148
ep13959,30.311871915346735
ep13960,30.311871915346735
ep13961,-13.994164535871148
ep13962,-13.994164535871148
ep13963,-13.994164535871148
ep13964,-13.994164535871148
ep13965,30.311871915346735
ep13966,31.628153449845186
ep13967,-13.994164535871148
ep13968,30.311871915346735
ep13969,-13.994164535871148
ep13970,-13.994164535871148
ep13971,32.957730757419384
ep13972,30.311871915346735
ep13973,32.957730757419384
ep13974,-13.994164535871148
ep13975,32.957730757419384
ep13976,31.628153449845186
ep13977,37.02758712254613
ep13978,32.957730757419384
ep13979,-13.994164535871148
ep13980,-13.994164535871148
ep13981,34.30073813880746
ep13982,32.957730757419384
ep13983,-13.994164535871148
ep13984,-13.994164535871148
ep13985,-13.994164535871148
ep13986,-13.994164535871148
ep13987,34.30073813880746
ep13988,31.628153449845186
ep13989,31.628153449845186
ep13990,-13.994164535871148
ep13991,38.41170416418801
ep13992,32.957730757419384
ep13993,41.22202241015
ep13994,-13.994164535871148
ep13995,-13.994164535871148
ep13996,-13.994164535871148
ep13997,37.02758712254613
ep13998,31.628153449845186
ep13999,30.311871915346735
ep14000,41.22202241015
ep14001,29.00875319619327
ep14002,-13.994164535871148
ep14003,31.628153449845186
ep14004,30.311871915346735
ep14005,34.30073813880746
ep14006,37.02758712254613
ep14007,30.311871915346735
ep14008,-13.994164535871148
ep14009,39.80980218604849
ep14010,-13.994164535871148
ep14011,37.02758712254613
ep14012,38.41170416418801
ep14013,32.957730757419384
ep14014,32.957730757419384
ep14015,-13.994164535871148
ep14016,-13.994164535871148
ep14017,41.22202241015
ep14018,30.311871915346735
ep14019,35.65731125132067
ep14020,32.957730757419384
ep14021,-13.994164535871148
ep14022,30.311871915346735
ep14023,41.22202241015
ep14024,35.65731125132067
ep14025,-13.994164535871148
ep14026,39.80980218604849
ep14027,-13.994164535871148
ep14028,30.311871915346735
ep14029,41.22202241015
ep14030,37.02758712254613
ep14031,37.02758712254613
ep14032,32.957730757419384
ep14033,39.80980218604849
ep14034,-13.994164535871148
ep14035,30.311871915346735
ep14036,-13.994164535871148
ep14037,-13.994164535871148
ep14038,-13.994164535871148
ep14039,37.02758712254613
ep14040,31.628153449845186
ep14041,29.00875319619327
ep14042,35.65731125132067
ep14043,30.311871915346735
ep14044,-13.994164535871148
ep14045,-13.994164535871148
ep14046,-13.994164535871148
ep14047,-13.994164535871148
ep14048,-13.994164535871148
ep14049,-13.994164535871148
ep14050,35.65731125132067
ep14051,30.311871915346735
ep14052,-13.994164535871148
ep14053,32.957730757419384
ep14054,32.957730757419384
ep14055,-13.994164535871148
ep14056,32.957730757419384
ep14057,37.02758712254613
ep14058,-13.994164535871148
ep14059,-13.994164535871148
ep14060,31.628153449845186
ep14061,37.02758712254613
ep14062,32.957730757419384
ep14063,32.957730757419384
ep14064,-13.994164535871148
ep14065,-13.994164535871148
ep14066,32.957730757419384
ep14067,-13.994164535871148
ep14068,39.80980218604849
ep14069,34.30073813880746
ep14070,35.65731125132067
ep14071,-13.994164535871148
ep14072,-13.994164535871148
ep14073,-13.994164535871148
ep14074,-13.994164535871148
ep14075,31.628153449845186
ep14076,31.628153449845186
ep14077,32.957730757419384
ep14078,-13.994164535871148
ep14079,-13.994164535871148
ep14080,31.628153449845186
ep14081,35.65731125132067
ep14082,-13.994164535871148
ep14083,-13.994164535871148
ep14084,-13.994164535871148
ep14085,30.311871915346735
ep14086,35.65731125132067
ep14087,37.02758712254613
ep14088,29.00875319619327
ep14089,32.957730757419384
ep14090,38.41170416418801
ep14091,-13.994164535871148
ep14092,29.00875319619327
ep14093,29.00875319619327
ep14094,-13.994164535871148
ep14095,-13.994164535871148
ep14096,41.22202241015
ep14097,35.65731125132067
ep14098,-13.994164535871148
ep14099,-13.994164535871148
ep14100,31.628153449845186
ep14101,35.65731125132067
ep14102,41.22202241015
ep14103,31.628153449845186
ep14104,-13.994164535871148
ep14105,-13.994164535871148
ep14106,35.65731125132067
ep14107,-13.994164535871148
ep14108,32.957730757419384
ep14109,-13.994164535871148
ep14110,31.628153449845186
ep14111,-13.994164535871148
ep14112,29.00875319619327
ep14113,29.00875319619327
ep14114,-13.994164535871148
ep14115,-13.994164535871148
ep14116,35.65731125132067
ep14117,-13.994164535871148
ep14118,-13.994164535871148
ep14119,-13.994164535871148
ep14120,29.00875319619327
ep14121,-13.994164535871148
ep14122,-13.994164535871148
ep14123,37.02758712254613
ep14124,38.41170416418801
ep14125,30.311871915346735
ep14126,32.957730757419384
ep14127,-13.994164535871148
ep14128,32.957730757419384
ep14129,32.957730757419384
ep14130,-13.994164535871148
ep14131,30.311871915346735
ep14132,30.311871915346735
ep14133,-13.994164535871148
ep14134,35.65731125132067
ep14135,39.80980218604849
ep14136,34.30073813880746
ep14137,31.628153449845186
ep14138,-13.994164535871148
ep14139,34.30073813880746
ep14140,30.311871915346735
ep14141,30.311871915346735
ep14142,31.628153449845186
ep14143,29.00875319619327
ep14144,30.311871915346735
ep14145,-13.994164535871148
ep14146,-13.994164535871148
ep14147,32.957730757419384
ep14148,37.02758712254613
ep14149,-13.994164535871148
ep14150,-13.994164535871148
ep14151,-13.994164535871148
ep14152,35.65731125132067
ep14153,-13.994164535871148
ep14154,31.628153449845186
ep14155,30.311871915346735
ep14156,39.80980218604849
ep14157,30.311871915346735
ep14158,32.957730757419384
ep14159,32.957730757419384
ep14160,32.957730757419384
ep14161,-13.994164535871148
ep14162,-13.994164535871148
ep14163,-13.994164535871148
ep14164,-13.994164535871148
ep14165,32.957730757419384
ep14166,-13.994164535871148
ep14167,38.41170416418801
ep14168,29.00875319619327
ep14169,-13.994164535871148
ep14170,32.957730757419384
ep14171,-13.994164535871148
ep14172,-13.994164535871148
ep14173,31.628153449845186
ep14174,-13.994164535871148
ep14175,35.65731125132067
ep14176,31.628153449845186
ep14177,29.00875319619327
ep14178,31.628153449845186
ep14179,30.311871915346735
ep14180,35.65731125132067
ep14181,-13.994164535871148
ep14182,-13.994164535871148
ep14183,32.957730757419384
ep14184,41.22202241015
ep14185,31.628153449845186
ep14186,32.957730757419384
ep14187,34.30073813880746
ep14188,-13.994164535871148
ep14189,32.957730757419384
ep14190,29.00875319619327
ep14191,31.628153449845186
ep14192,32.957730757419384
ep14193,-13.994164535871148
ep14194,-13.994164535871148
ep14195,-13.994164535871148
ep14196,30.311871915346735
ep14197,-13.994164535871148
ep14198,-13.994164535871148
ep14199,37.02758712254613
ep14200,-13.994164535871148
ep14201,38.41170416418801
ep14202,30.311871915346735
ep14203,32.957730757419384
ep14204,-13.994164535871148
ep14205,-13.994164535871148
ep14206,37.02758712254613
ep14207,34.30073813880746
ep14208,-13.994164535871148
ep14209,-13.994164535871148
ep14210,-13.994164535871148
ep14211,38.41170416418801
ep14212,-13.994164535871148
ep14213,41.22202241015
ep14214,37.02758712254613
ep14215,34.30073813880746
ep14216,37.02758712254613
ep14217,-13.994164535871148
ep14218,30.311871915346735
ep14219,32.957730757419384
ep14220,-13.994164535871148
ep14221,-13.994164535871148
ep14222,31.628153449845186
ep14223,35.65731125132067
ep14224,34.30073813880746
ep14225,30.311871915346735
ep14226,32.957730757419384
ep14227,31.628153449845186
ep14228,-13.994164535871148
ep14229,39.80980218604849
ep14230,38.41170416418801
ep14231,38.41170416418801
ep14232,30.311871915346735
ep14233,-13.994164535871148
ep14234,30.311871915346735
ep14235,30.311871915346735
ep14236,41.22202241015
ep14237,-13.994164535871148
ep14238,31.628153449845186
ep14239,37.02758712254613
ep14240,30.311871915346735
ep14241,34.30073813880746
ep14242,30.311871915346735
ep14243,41.22202241015
ep14244,-13.994164535871148
ep14245,-13.994164535871148
ep14246,32.957730757419384
ep14247,35.65731125132067
ep14248,-13.994164535871148
ep14249,-13.994164535871148
ep14250,-13.994164535871148
ep14251,32.957730757419384
ep14252,35.65731125132067
ep14253,38.41170416418801
ep14254,30.311871915346735
ep14255,32.957730757419384
ep14256,32.957730757419384
ep14257,-13.994164535871148
ep14258,32.957730757419384
ep14259,31.628153449845186
ep14260,-13.994164535871148
ep14261,30.311871915346735
ep14262,30.311871915346735
ep14263,-13.994164535871148
ep14264,-13.994164535871148
ep14265,35.65731125132067
ep14266,-13.994164535871148
ep14267,-13.994164535871148
ep14268,-13.994164535871148
ep14269,39.80980218604849
ep14270,34.30073813880746
ep14271,41.22202241015
ep14272,30.311871915346735
ep14273,35.65731125132067
ep14274,29.00875319619327
ep14275,30.311871915346735
ep14276,-13.994164535871148
ep14277,37.02758712254613
ep14278,29.00875319619327
ep14279,41.22202241015
ep14280,30.311871915346735
ep14281,35.65731125132067
ep14282,35.65731125132067
ep14283,30.311871915346735
ep14284,30.311871915346735
ep14285,31.628153449845186
ep14286,-13.994164535871148
ep14287,-13.994164535871148
ep14288,-13.994164535871148
ep14289,29.00875319619327
ep14290,32.957730757419384
ep14291,32.957730757419384
ep14292,29.00875319619327
ep14293,35.65731125132067
ep14294,-13.994164535871148
ep14295,-13.994164535871148
ep14296,29.00875319619327
ep14297,30.311871915346735
ep14298,31.628153449845186
ep14299,32.957730757419384
ep14300,38.41170416418801
ep14301,30.311871915346735
ep14302,30.311871915346735
ep14303,37.02758712254613
ep14304,29.00875319619327
ep14305,-13.994164535871148
ep14306,32.957730757419384
ep14307,39.80980218604849
ep14308,30.311871915346735
ep14309,-13.994164535871148
ep14310,-13.994164535871148
ep14311,-13.994164535871148
ep14312,31.628153449845186
ep14313,37.02758712254613
ep14314,-13.994164535871148
ep14315,41.22202241015
ep14316,-13.994164535871148
ep14317,-13.994164535871148
ep14318,34.30073813880746
ep14319,35.65731125132067
ep14320,-13.994164535871148
ep14321,-13.994164535871148
ep14322,-13.994164535871148
ep14323,35.65731125132067
ep14324,35.65731125132067
ep14325,-13.994164535871148
ep14326,37.02758712254613
ep14327,-13.994164535871148
ep14328,-13.994164535871148
ep14329,-13.994164535871148
ep14330,-13.994164535871148
ep14331,37.02758712254613
ep14332,31.628153449845186
ep14333,-13.994164535871148
ep14334,37.02758712254613
ep14335,37.02758712254613
ep14336,39.80980218604849
ep14337,-13.994164535871148
ep14338,35.65731125132067
ep14339,32.957730757419384
ep14340,35.65731125132067
ep14341,-13.994164535871148
ep14342,-13.994164535871148
ep14343,35.65731125132067
ep14344,-13.994164535871148
ep14345,30.311871915346735
ep14346,34.30073813880746
ep14347,-13.994164535871148
ep14348,32.957730757419384
ep14349,32.957730757419384
ep14350,-13.994164535871148
ep14351,-13.994164535871148
ep14352,-13.994164535871148
ep14353,31.628153449845186
ep14354,-13.994164535871148
ep14355,38.41170416418801
ep14356,-13.994164535871148
ep14357,-13.994164535871148
ep14358,31.628153449845186
ep14359,-13.994164535871148
ep14360,30.311871915346735
ep14361,35.65731125132067
ep14362,29.00875319619327
ep14363,-13.994164535871148
ep14364,-13.994164535871148
ep14365,38.41170416418801
ep14366,-13.994164535871148
ep14367,-13.994164535871148
ep14368,30.311871915346735
ep14369,31.628153449845186
ep14370,32.957730757419384
ep14371,34.30073813880746
ep14372,32.957730757419384
ep14373,-13.994164535871148
ep14374,32.957730757419384
ep14375,32.957730757419384
ep14376,-13.994164535871148
ep14377,31.628153449845186
ep14378,41.22202241015
ep14379,32.957730757419384
ep14380,32.957730757419384
ep14381,37.02758712254613
ep14382,29.00875319619327
ep14383,38.41170416418801
ep14384,41.22202241015
ep14385,34.30073813880746
ep14386,-13.994164535871148
ep14387,41.22202241015
ep14388,31.628153449845186
ep14389,-13.994164535871148
ep14390,38.41170416418801
ep14391,32.957730757419384
ep14392,-13.994164535871148
ep14393,-13.994164535871148
ep14394,29.00875319619327
ep14395,-13.994164535871148
ep14396,31.628153449845186
ep14397,30.311871915346735
ep14398,-13.994164535871148
ep14399,35.65731125132067
ep14400,31.628153449845186
ep14401,29.00875319619327
ep14402,-13.994164535871148
ep14403,39.80980218604849
ep14404,-13.994164535871148
ep14405,30.311871915346735
ep14406,29.00875319619327
ep14407,32.957730757419384
ep14408,-13.994164535871148
ep14409,-13.994164535871148
ep14410,-13.994164535871148
ep14411,29.00875319619327
ep14412,-13.994164535871148
ep14413,34.30073813880746
ep14414,34.30073813880746
ep14415,32.957730757419384
ep14416,32.957730757419384
ep14417,-13.994164535871148
ep14418,31.628153449845186
ep14419,34.30073813880746
ep14420,-13.994164535871148
ep14421,34.30073813880746
ep14422,32.957730757419384
ep14423,-13.994164535871148
ep14424,32.957730757419384
ep14425,32.957730757419384
ep14426,41.22202241015
ep14427,37.02758712254613
ep14428,38.41170416418801
ep14429,-13.994164535871148
ep14430,30.311871915346735
ep14431,-13.994164535871148
ep14432,-13.994164535871148
ep14433,-13.994164535871148
ep14434,30.311871915346735
ep14435,-13.994164535871148
ep14436,-13.994164535871148
ep14437,31.628153449845186
ep14438,-13.994164535871148
ep14439,30.311871915346735
ep14440,-13.994164535871148
ep14441,30.311871915346735
ep14442,-13.994164535871148
ep14443,31.628153449845186
ep14444,34.30073813880746
ep14445,-13.994164535871148
ep14446,-13.994164535871148
ep14447,-13.994164535871148
ep14448,-13.994164535871148
ep14449,-13.994164535871148
ep14450,37.02758712254613
ep14451,-13.994164535871148
ep14452,34.30073813880746
ep14453,-13.994164535871148
ep14454,30.311871915346735
ep14455,32.957730757419384
ep14456,31.628153449845186
ep14457,-13.994164535871148
ep14458,29.00875319619327
ep14459,-13.994164535871148
ep14460,31.628153449845186
ep14461,38.41170416418801
ep14462,-13.994164535871148
ep14463,-13.994164535871148
ep14464,-13.994164535871148
ep14465,-13.994164535871148
ep14466,34.30073813880746
ep14467,32.957730757419384
ep14468,37.02758712254613
ep14469,-13.994164535871148
ep14470,37.02758712254613
ep14471,30.311871915346735
ep14472,29.00875319619327
ep14473,-13.994164535871148
ep14474,-13.994164535871148
ep14475,34.30073813880746
ep14476,-13.994164535871148
ep14477,32.957730757419384
ep14478,-13.994164535871148
ep14479,32.957730757419384
ep14480,38.41170416418801
ep14481,-13.994164535871148
ep14482,-13.994164535871148
ep14483,30.311871915346735
ep14484,-13.994164535871148
ep14485,34.30073813880746
ep14486,32.957730757419384
ep14487,-13.994164535871148
ep14488,35.65731125132067
ep14489,-13.994164535871148
ep14490,-13.994164535871148
ep14491,-13.994164535871148
ep14492,-13.994164535871148
ep14493,31.628153449845186
ep14494,-13.994164535871148
ep14495,32.957730757419384
ep14496,37.02758712254613
ep14497,-13.994164535871148
ep14498,30.311871915346735
ep14499,-13.994164535871148
ep14500,34.30073813880746
ep14501,-13.994164535871148
ep14502,34.30073813880746
ep14503,-13.994164535871148
ep14504,-13.994164535871148
ep14505,39.80980218604849
ep14506,34.30073813880746
ep14507,-13.994164535871148
ep14508,32.957730757419384
ep14509,37.02758712254613
ep14510,35.65731125132067
ep14511,-13.994164535871148
ep14512,-13.994164535871148
ep14513,-13.994164535871148
ep14514,35.65731125132067
ep14515,31.628153449845186
ep14516,-13.994164535871148
ep14517,-13.994164535871148
ep14518,35.65731125132067
ep14519,34.30073813880746
ep14520,-13.994164535871148
ep14521,41.22202241015
ep14522,31.628153449845186
ep14523,-13.994164535871148
ep14524,-13.994164535871148
ep14525,-13.994164535871148
ep14526,-13.994164535871148
ep14527,38.41170416418801
ep14528,-13.994164535871148
ep14529,37.02758712254613
ep14530,32.957730757419384
ep14531,32.957730757419384
ep14532,-13.994164535871148
ep14533,34.30073813880746
ep14534,30.311871915346735
ep14535,38.41170416418801
ep14536,34.30073813880746
ep14537,-13.994164535871148
ep14538,31.628153449845186
ep14539,35.65731125132067
ep14540,32.957730757419384
ep14541,-13.994164535871148
ep14542,29.00875319619327
ep14543,32.957730757419384
ep14544,30.311871915346735
ep14545,-13.994164535871148
ep14546,-13.994164535871148
ep14547,-13.994164535871148
ep14548,32.957730757419384
ep14549,-13.994164535871148
ep14550,-13.994164535871148
ep14551,37.02758712254613
ep14552,32.957730757419384
ep14553,-13.994164535871148
ep14554,29.00875319619327
ep14555,31.628153449845186
ep14556,34.30073813880746
ep14557,37.02758712254613
ep14558,29.00875319619327
ep14559,35.65731125132067
ep14560,39.80980218604849
ep14561,-13.994164535871148
ep14562,-13.994164535871148
ep14563,-13.994164535871148
ep14564,-13.994164535871148
ep14565,38.41170416418801
ep14566,-13.994164535871148
ep14567,32.957730757419384
ep14568,37.02758712254613
ep14569,-13.994164535871148
ep14570,37.02758712254613
ep14571,-13.994164535871148
ep14572,29.00875319619327
ep14573,34.30073813880746
ep14574,38.41170416418801
ep14575,-13.994164535871148
ep14576,-13.994164535871148
ep14577,-13.994164535871148
ep14578,30.311871915346735
ep14579,-13.994164535871148
ep14580,38.41170416418801
ep14581,34.30073813880746
ep14582,-13.994164535871148
ep14583,41.22202241015
ep14584,-13.994164535871148
ep14585,-13.994164535871148
ep14586,-13.994164535871148
ep14587,35.65731125132067
ep14588,37.02758712254613
ep14589,30.311871915346735
ep14590,31.628153449845186
ep14591,35.65731125132067
ep14592,-13.994164535871148
ep14593,-13.994164535871148
ep14594,-13.994164535871148
ep14595,41.22202241015
ep14596,37.02758712254613
ep14597,29.00875319619327
ep14598,-13.994164535871148
ep14599,39.80980218604849
ep14600,31.628153449845186
ep14601,-13.994164535871148
ep14602,41.22202241015
ep14603,41.22202241015
ep14604,35.65731125132067
ep14605,30.311871915346735
ep14606,29.00875319619327
ep14607,-13.994164535871148
ep14608,-13.994164535871148
ep14609,35.65731125132067
ep14610,30.311871915346735
ep14611,29.00875319619327
ep14612,35.65731125132067
ep14613,30.311871915346735
ep14614,-13.994164535871148
ep14615,-13.994164535871148
ep14616,-13.994164535871148
ep14617,37.02758712254613
ep14618,37.02758712254613
ep14619,-13.994164535871148
ep14620,29.00875319619327
ep14621,32.957730757419384
ep14622,37.02758712254613
ep14623,-13.994164535871148
ep14624,32.957730757419384
ep14625,-13.994164535871148
ep14626,35.65731125132067
ep14627,-13.994164535871148
ep14628,-13.994164535871148
ep14629,31.628153449845186
ep14630,30.311871915346735
ep14631,-13.994164535871148
ep14632,32.957730757419384
ep14633,30.311871915346735
ep14634,-13.994164535871148
ep14635,30.311871915346735
ep14636,31.628153449845186
ep14637,39.80980218604849
ep14638,-13.994164535871148
ep14639,38.41170416418801
ep14640,32.957730757419384
ep14641,-13.994164535871148
ep14642,30.311871915346735
ep14643,29.00875319619327
ep14644,30.311871915346735
ep14645,35.65731125132067
ep14646,37.02758712254613
ep14647,35.65731125132067
ep14648,31.628153449845186
ep14649,35.65731125132067
ep14650,30.311871915346735
ep14651,-13.994164535871148
ep14652,-13.994164535871148
ep14653,29.00875319619327
ep14654,-13.994164535871148
ep14655,-13.994164535871148
ep14656,32.957730757419384
ep14657,31.628153449845186
ep14658,31.628153449845186
ep14659,38.41170416418801
ep14660,35.65731125132067
ep14661,29.00875319619327
ep14662,39.80980218604849
ep14663,31.628153449845186
ep14664,39.80980218604849
ep14665,-13.994164535871148
ep14666,31.628153449845186
ep14667,30.311871915346735
ep14668,-13.994164535871148
ep14669,-13.994164535871148
ep14670,-13.994164535871148
ep14671,-13.994164535871148
ep14672,-13.994164535871148
ep14673,41.22202241015
ep14674,30.311871915346735
ep14675,-13.994164535871148
ep14676,41.22202241015
ep14677,32.957730757419384
ep14678,41.22202241015
ep14679,-13.994164535871148
ep14680,29.00875319619327
ep14681,-13.994164535871148
ep14682,-13.994164535871148
ep14683,30.311871915346735
ep14684,29.00875319619327
ep14685,-13.994164535871148
ep14686,-13.994164535871148
ep14687,31.628153449845186
ep14688,29.00875319619327
ep14689,34.30073813880746
ep14690,-13.994164535871148
ep14691,-13.994164535871148
ep14692,-13.994164535871148
ep14693,-13.994164535871148
ep14694,-13.994164535871148
ep14695,-13.994164535871148
ep14696,-13.994164535871148
ep14697,-13.994164535871148
ep14698,-13.994164535871148
ep14699,30.311871915346735
ep14700,41.22202241015
ep14701,-13.994164535871148
ep14702,38.41170416418801
ep14703,31.628153449845186
ep14704,32.957730757419384
ep14705,-13.994164535871148
ep14706,30.311871915346735
ep14707,30.311871915346735
ep14708,34.30073813880746
ep14709,-13.994164535871148
ep14710,32.957730757419384
ep14711,37.02758712254613
ep14712,34.30073813880746
ep14713,-13.994164535871148
ep14714,-13.994164535871148
ep14715,-13.994164535871148
ep14716,37.02758712254613
ep14717,-13.994164535871148
ep14718,-13.994164535871148
ep14719,39.80980218604849
ep14720,37.02758712254613
ep14721,32.957730757419384
ep14722,41.22202241015
ep14723,39.80980218604849
ep14724,31.628153449845186
ep14725,30.311871915346735
ep14726,38.41170416418801
ep14727,30.311871915346735
ep14728,-13.994164535871148
ep14729,34.30073813880746
ep14730,-13.994164535871148
ep14731,-13.994164535871148
ep14732,34.30073813880746
ep14733,32.957730757419384
ep14734,29.00875319619327
ep14735,-13.994164535871148
ep14736,30.311871915346735
ep14737,35.65731125132067
ep14738,-13.994164535871148
ep14739,-13.994164535871148
ep14740,-13.994164535871148
ep14741,34.30073813880746
ep14742,30.311871915346735
ep14743,37.02758712254613
ep14744,29.00875319619327
ep14745,37.02758712254613
ep14746,-13.994164535871148
ep14747,-13.994164535871148
ep14748,-13.994164535871148
ep14749,29.00875319619327
ep14750,-13.994164535871148
ep14751,32.957730757419384
ep14752,30.311871915346735
ep14753,30.311871915346735
ep14754,37.02758712254613
ep14755,30.311871915346735
ep14756,34.30073813880746
ep14757,-13.994164535871148
ep14758,-13.994164535871148
ep14759,-13.994164535871148
ep14760,29.00875319619327
ep14761,-13.994164535871148
ep14762,29.00875319619327
ep14763,-13.994164535871148
ep14764,-13.994164535871148
ep14765,31.628153449845186
ep14766,-13.994164535871148
ep14767,-13.994164535871148
ep14768,34.30073813880746
ep14769,-13.994164535871148
ep14770,31.628153449845186
ep14771,32.957730757419384
ep14772,30.311871915346735
ep14773,-13.994164535871148
ep14774,32.957730757419384
ep14775,32.957730757419384
ep14776,31.628153449845186
ep14777,31.628153449845186
ep14778,-13.994164535871148
ep14779,-13.994164535871148
ep14780,-13.994164535871148
ep14781,30.311871915346735
ep14782,-13.994164535871148
ep14783,29.00875319619327
ep14784,31.628153449845186
ep14785,41.22202241015
ep14786,32.957730757419384
ep14787,32.957730757419384
ep14788,31.628153449845186
ep14789,35.65731125132067
ep14790,-13.994164535871148
ep14791,32.957730757419384
ep14792,31.628153449845186
ep14793,-13.994164535871148
ep14794,30.311871915346735
ep14795,41.22202241015
ep14796,31.628153449845186
ep14797,41.22202241015
ep14798,-13.994164535871148
ep14799,34.30073813880746
ep14800,34.30073813880746
ep14801,29.00875319619327
ep14802,-13.994164535871148
ep14803,-13.994164535871148
ep14804,34.30073813880746
ep14805,29.00875319619327
ep14806,-13.994164535871148
ep14807,37.02758712254613
ep14808,30.311871915346735
ep14809,-13.994164535871148
ep14810,30.311871915346735
ep14811,41.22202241015
ep14812,38.41170416418801
ep14813,37.02758712254613
ep14814,30.311871915346735
ep14815,31.628153449845186
ep14816,37.02758712254613
ep14817,30.311871915346735
ep14818,34.30073813880746
ep14819,41.22202241015
ep14820,-13.994164535871148
ep14821,-13.994164535871148
ep14822,-13.994164535871148
ep14823,-13.994164535871148
ep14824,-13.994164535871148
ep14825,-13.994164535871148
ep14826,-13.994164535871148
ep14827,30.311871915346735
ep14828,-13.994164535871148
ep14829,-13.994164535871148
ep14830,38.41170416418801
ep14831,-13.994164535871148
ep14832,35.65731125132067
ep14833,32.957730757419384
ep14834,38.41170416418801
ep14835,-13.994164535871148
ep14836,-13.994164535871148
ep14837,32.957730757419384
ep14838,-13.994164535871148
ep14839,-13.994164535871148
ep14840,35.65731125132067
ep14841,30.311871915346735
ep14842,-13.994164535871148
ep14843,31.628153449845186
ep14844,41.22202241015
ep14845,-13.994164535871148
ep14846,37.02758712254613
ep14847,-13.994164535871148
ep14848,-13.994164535871148
ep14849,38.41170416418801
ep14850,-13.994164535871148
ep14851,-13.994164535871148
ep14852,37.02758712254613
ep14853,38.41170416418801
ep14854,-13.994164535871148
ep14855,-13.994164535871148
ep14856,-13.994164535871148
ep14857,-13.994164535871148
ep14858,30.311871915346735
ep14859,29.00875319619327
ep14860,-13.994164535871148
ep14861,-13.994164535871148
ep14862,41.22202241015
ep14863,41.22202241015
ep14864,32.957730757419384
ep14865,-13.994164535871148
ep14866,-13.994164535871148
ep14867,-13.994164535871148
ep14868,-13.994164535871148
ep14869,30.311871915346735
ep14870,-13.994164535871148
ep14871,-13.994164535871148
ep14872,30.311871915346735
ep14873,35.65731125132067
ep14874,29.00875319619327
ep14875,29.00875319619327
ep14876,29.00875319619327
ep14877,-13.994164535871148
ep14878,-13.994164535871148
ep14879,30.311871915346735
ep14880,-13.994164535871148
ep14881,35.65731125132067
ep14882,30.311871915346735
ep14883,39.80980218604849
ep14884,-13.994164535871148
ep14885,-13.994164535871148
ep14886,34.30073813880746
ep14887,-13.994164535871148
ep14888,37.02758712254613
ep14889,41.22202241015
ep14890,-13.994164535871148
ep14891,-13.994164535871148
ep14892,32.957730757419384
ep14893,-13.994164535871148
ep14894,30.311871915346735
ep14895,-13.994164535871148
ep14896,-13.994164535871148
ep14897,37.02758712254613
ep14898,-13.994164535871148
ep14899,-13.994164535871148
ep14900,-13.994164535871148
ep14901,-13.994164535871148
ep14902,-13.994164535871148
ep14903,41.22202241015
ep14904,-13.994164535871148
ep14905,29.00875319619327
ep14906,-13.994164535871148
ep14907,31.628153449845186
ep14908,41.22202241015
ep14909,30.311871915346735
ep14910,37.02758712254613
ep14911,30.311871915346735
ep14912,41.22202241015
ep14913,-13.994164535871148
ep14914,-13.994164535871148
ep14915,37.02758712254613
ep14916,29.00875319619327
ep14917,34.30073813880746
ep14918,32.957730757419384
ep14919,29.00875319619327
ep14920,30.311871915346735
ep14921,29.00875319619327
ep14922,41.22202241015
ep14923,-13.994164535871148
ep14924,-13.994164535871148
ep14925,29.00875319619327
ep14926,39.80980218604849
ep14927,37.02758712254613
ep14928,-13.994164535871148
ep14929,-13.994164535871148
ep14930,32.957730757419384
ep14931,34.30073813880746
ep14932,30.311871915346735
ep14933,-13.994164535871148
ep14934,-13.994164535871148
ep14935,32.957730757419384
ep14936,-13.994164535871148
ep14937,30.311871915346735
ep14938,-13.994164535871148
ep14939,-13.994164535871148
ep14940,38.41170416418801
ep14941,31.628153449845186
ep14942,35.65731125132067
ep14943,34.30073813880746
ep14944,-13.994164535871148
ep14945,35.65731125132067
ep14946,-13.994164535871148
ep14947,35.65731125132067
ep14948,34.30073813880746
ep14949,37.02758712254613
ep14950,37.02758712254613
ep14951,-13.994164535871148
ep14952,29.00875319619327
ep14953,-13.994164535871148
ep14954,29.00875319619327
ep14955,32.957730757419384
ep14956,37.02758712254613
ep14957,-13.994164535871148
ep14958,35.65731125132067
ep14959,-13.994164535871148
ep14960,-13.994164535871148
ep14961,29.00875319619327
ep14962,-13.994164535871148
ep14963,41.22202241015
ep14964,31.628153449845186
ep14965,34.30073813880746
ep14966,-13.994164535871148
ep14967,32.957730757419384
ep14968,-13.994164535871148
ep14969,30.311871915346735
ep14970,-13.994164535871148
ep14971,-13.994164535871148
ep14972,32.957730757419384
ep14973,30.311871915346735
ep14974,-13.994164535871148
ep14975,-13.994164535871148
ep14976,37.02758712254613
ep14977,37.02758712254613
ep14978,38.41170416418801
ep14979,-13.994164535871148
ep14980,30.311871915346735
ep14981,37.02758712254613
ep14982,-13.994164535871148
ep14983,-13.994164535871148
ep14984,-13.994164535871148
ep14985,39.80980218604849
ep14986,30.311871915346735
ep14987,-13.994164535871148
ep14988,34.30073813880746
ep14989,-13.994164535871148
ep14990,-13.994164535871148
ep14991,-13.994164535871148
ep14992,39.80980218604849
ep14993,31.628153449845186
ep14994,-13.994164535871148
ep14995,-13.994164535871148
ep14996,30.311871915346735
ep14997,-13.994164535871148
ep14998,-13.994164535871148
ep14999,41.22202241015
ep15000,30.311871915346735
ep15001,32.957730757419384
ep15002,31.628153449845186
ep15003,30.311871915346735
ep15004,37.02758712254613
ep15005,31.628153449845186
ep15006,-13.994164535871148
ep15007,34.30073813880746
ep15008,32.957730757419384
ep15009,-13.994164535871148
ep15010,-13.994164535871148
ep15011,29.00875319619327
ep15012,-13.994164535871148
ep15013,-13.994164535871148
ep15014,-13.994164535871148
ep15015,30.311871915346735
ep15016,-13.994164535871148
ep15017,-13.994164535871148
ep15018,30.311871915346735
ep15019,32.957730757419384
ep15020,37.02758712254613
ep15021,32.957730757419384
ep15022,37.02758712254613
ep15023,32.957730757419384
ep15024,-13.994164535871148
ep15025,-13.994164535871148
ep15026,34.30073813880746
ep15027,30.311871915346735
ep15028,30.311871915346735
ep15029,-13.994164535871148
ep15030,29.00875319619327
ep15031,-13.994164535871148
ep15032,-13.994164535871148
ep15033,-13.994164535871148
ep15034,39.80980218604849
ep15035,29.00875319619327
ep15036,32.957730757419384
ep15037,32.957730757419384
ep15038,-13.994164535871148
ep15039,32.957730757419384
ep15040,-13.994164535871148
ep15041,-13.994164535871148
ep15042,-13.994164535871148
ep15043,35.65731125132067
ep15044,-13.994164535871148
ep15045,37.02758712254613
ep15046,38.41170416418801
ep15047,-13.994164535871148
ep15048,30.311871915346735
ep15049,37.02758712254613
ep15050,-13.994164535871148
ep15051,-13.994164535871148
ep15052,38.41170416418801
ep15053,31.628153449845186
ep15054,30.311871915346735
ep15055,37.02758712254613
ep15056,-13.994164535871148
ep15057,-13.994164535871148
ep15058,30.311871915346735
ep15059,-13.994164535871148
ep15060,35.65731125132067
ep15061,30.311871915346735
ep15062,31.628153449845186
ep15063,-13.994164535871148
ep15064,-13.994164535871148
ep15065,31.628153449845186
ep15066,-13.994164535871148
ep15067,-13.994164535871148
ep15068,32.957730757419384
ep15069,30.311871915346735
ep15070,-13.994164535871148
ep15071,-13.994164535871148
ep15072,31.628153449845186
ep15073,30.311871915346735
ep15074,37.02758712254613
ep15075,-13.994164535871148
ep15076,32.957730757419384
ep15077,-13.994164535871148
ep15078,31.628153449845186
ep15079,32.957730757419384
ep15080,-13.994164535871148
ep15081,-13.994164535871148
ep15082,30.311871915346735
ep15083,-13.994164535871148
ep15084,37.02758712254613
ep15085,39.80980218604849
ep15086,-13.994164535871148
ep15087,31.628153449845186
ep15088,-13.994164535871148
ep15089,37.02758712254613
ep15090,-13.994164535871148
ep15091,37.02758712254613
ep15092,-13.994164535871148
ep15093,29.00875319619327
ep15094,37.02758712254613
ep15095,-13.994164535871148
ep15096,-13.994164535871148
ep15097,-13.994164535871148
ep15098,-13.994164535871148
ep15099,-13.994164535871148
ep15100,-13.994164535871148
ep15101,-13.994164535871148
ep15102,30.311871915346735
ep15103,-13.994164535871148
ep15104,30.311871915346735
ep15105,32.957730757419384
ep15106,31.628153449845186
ep15107,35.65731125132067
ep15108,-13.994164535871148
ep15109,-13.994164535871148
ep15110,41.22202241015
ep15111,35.65731125132067
ep15112,30.311871915346735
ep15113,-13.994164535871148
ep15114,30.311871915346735
ep15115,35.65731125132067
ep15116,30.311871915346735
ep15117,-13.994164535871148
ep15118,31.628153449845186
ep15119,-13.994164535871148
ep15120,-13.994164535871148
ep15121,29.00875319619327
ep15122,-13.994164535871148
ep15123,39.80980218604849
ep15124,30.311871915346735
ep15125,30.311871915346735
ep15126,41.22202241015
ep15127,39.80980218604849
ep15128,30.311871915346735
ep15129,30.311871915346735
ep15130,37.02758712254613
ep15131,30.311871915346735
ep15132,-13.994164535871148
ep15133,-13.994164535871148
ep15134,34.30073813880746
ep15135,31.628153449845186
ep15136,29.00875319619327
ep15137,41.22202241015
ep15138,-13.994164535871148
ep15139,-13.994164535871148
ep15140,37.02758712254613
ep15141,-13.994164535871148
ep15142,-13.994164535871148
ep15143,38.41170416418801
ep15144,-13.994164535871148
ep15145,31.628153449845186
ep15146,34.30073813880746
ep15147,29.00875319619327
ep15148,-13.994164535871148
ep15149,30.311871915346735
ep15150,29.00875319619327
ep15151,39.80980218604849
ep15152,34.30073813880746
ep15153,-13.994164535871148
ep15154,30.311871915346735
ep15155,32.957730757419384
ep15156,-13.994164535871148
ep15157,38.41170416418801
ep15158,30.311871915346735
ep15159,-13.994164535871148
ep15160,39.80980218604849
ep15161,-13.994164535871148
ep15162,37.02758712254613
ep15163,-13.994164535871148
ep15164,31.628153449845186
ep15165,-13.994164535871148
ep15166,-13.994164535871148
ep15167,37.02758712254613
ep15168,31.628153449845186
ep15169,32.957730757419384
ep15170,-13.994164535871148
ep15171,-13.994164535871148
ep15172,-13.994164535871148
ep15173,-13.994164535871148
ep15174,31.628153449845186
ep15175,37.02758712254613
ep15176,-13.994164535871148
ep15177,-13.994164535871148
ep15178,-13.994164535871148
ep15179,30.311871915346735
ep15180,34.30073813880746
ep15181,32.957730757419384
ep15182,31.628153449845186
ep15183,30.311871915346735
ep15184,37.02758712254613
ep15185,35.65731125132067
ep15186,32.957730757419384
ep15187,38.41170416418801
ep15188,39.80980218604849
ep15189,-13.994164535871148
ep15190,39.80980218604849
ep15191,34.30073813880746
ep15192,35.65731125132067
ep15193,29.00875319619327
ep15194,-13.994164535871148
ep15195,38.41170416418801
ep15196,29.00875319619327
ep15197,32.957730757419384
ep15198,32.957730757419384
ep15199,-13.994164535871148
ep15200,38.41170416418801
ep15201,-13.994164535871148
ep15202,-13.994164535871148
ep15203,-13.994164535871148
ep15204,32.957730757419384
ep15205,31.628153449845186
ep15206,35.65731125132067
ep15207,-13.994164535871148
ep15208,30.311871915346735
ep15209,-13.994164535871148
ep15210,-13.994164535871148
ep15211,29.00875319619327
ep15212,30.311871915346735
ep15213,-13.994164535871148
ep15214,29.00875319619327
ep15215,35.65731125132067
ep15216,39.80980218604849
ep15217,30.311871915346735
ep15218,30.311871915346735
ep15219,-13.994164535871148
ep15220,-13.994164535871148
ep15221,-13.994164535871148
ep15222,-13.994164535871148
ep15223,-13.994164535871148
ep15224,-13.994164535871148
ep15225,-13.994164535871148
ep15226,29.00875319619327
ep15227,32.957730757419384
ep15228,31.628153449845186
ep15229,41.22202241015
ep15230,-13.994164535871148
ep15231,-13.994164535871148
ep15232,37.02758712254613
ep15233,-13.994164535871148
ep15234,-13.994164535871148
ep15235,-13.994164535871148
ep15236,-13.994164535871148
ep15237,30.311871915346735
ep15238,-13.994164535871148
ep15239,-13.994164535871148
ep15240,37.02758712254613
ep15241,-13.994164535871148
ep15242,39.80980218604849
ep15243,-13.994164535871148
ep15244,-13.994164535871148
ep15245,-13.994164535871148
ep15246,34.30073813880746
ep15247,-13.994164535871148
ep15248,31.628153449845186
ep15249,32.957730757419384
ep15250,-13.994164535871148
ep15251,-13.994164535871148
ep15252,-13.994164535871148
ep15253,-13.994164535871148
ep15254,-13.994164535871148
ep15255,37.02758712254613
ep15256,-13.994164535871148
ep15257,34.30073813880746
ep15258,-13.994164535871148
ep15259,-13.994164535871148
ep15260,37.02758712254613
ep15261,-13.994164535871148
ep15262,-13.994164535871148
ep15263,37.02758712254613
ep15264,35.65731125132067
ep15265,37.02758712254613
ep15266,38.41170416418801
ep15267,-13.994164535871148
ep15268,-13.994164535871148
ep15269,-13.994164535871148
ep15270,41.22202241015
ep15271,38.41170416418801
ep15272,39.80980218604849
ep15273,30.311871915346735
ep15274,39.80980218604849
ep15275,-13.994164535871148
ep15276,32.957730757419384
ep15277,32.957730757419384
ep15278,39.80980218604849
ep15279,29.00875319619327
ep15280,-13.994164535871148
ep15281,30.311871915346735
ep15282,-13.994164535871148
ep15283,41.22202241015
ep15284,35.65731125132067
ep15285,-13.994164535871148
ep15286,-13.994164535871148
ep15287,-13.994164535871148
ep15288,34.30073813880746
ep15289,29.00875319619327
ep15290,29.00875319619327
ep15291,29.00875319619327
ep15292,-13.994164535871148
ep15293,31.628153449845186
ep15294,-13.994164535871148
ep15295,38.41170416418801
ep15296,-13.994164535871148
ep15297,-13.994164535871148
ep15298,30.311871915346735
ep15299,-13.994164535871148
ep15300,37.02758712254613
ep15301,-13.994164535871148
ep15302,39.80980218604849
ep15303,31.628153449845186
ep15304,29.00875319619327
ep15305,-13.994164535871148
ep15306,34.30073813880746
ep15307,-13.994164535871148
ep15308,37.02758712254613
ep15309,32.957730757419384
ep15310,34.30073813880746
ep15311,34.30073813880746
ep15312,37.02758712254613
ep15313,30.311871915346735
ep15314,32.957730757419384
ep15315,-13.994164535871148
ep15316,-13.994164535871148
ep15317,29.00875319619327
ep15318,-13.994164535871148
ep15319,35.65731125132067
ep15320,-13.994164535871148
ep15321,31.628153449845186
ep15322,-13.994164535871148
ep15323,-13.994164535871148
ep15324,-13.994164535871148
ep15325,-13.994164535871148
ep15326,35.65731125132067
ep15327,30.311871915346735
ep15328,-13.994164535871148
ep15329,35.65731125132067
ep15330,35.65731125132067
ep15331,-13.994164535871148
ep15332,32.957730757419384
ep15333,35.65731125132067
ep15334,31.628153449845186
ep15335,34.30073813880746
ep15336,30.311871915346735
ep15337,37.02758712254613
ep15338,-13.994164535871148
ep15339,41.22202241015
ep15340,37.02758712254613
ep15341,41.22202241015
ep15342,35.65731125132067
ep15343,34.30073813880746
ep15344,-13.994164535871148
ep15345,34.30073813880746
ep15346,-13.994164535871148
ep15347,-13.994164535871148
ep15348,34.30073813880746
ep15349,31.628153449845186
ep15350,-13.994164535871148
ep15351,37.02758712254613
ep15352,37.02758712254613
ep15353,32.957730757419384
ep15354,30.311871915346735
ep15355,37.02758712254613
ep15356,-13.994164535871148
ep15357,-13.994164535871148
ep15358,-13.994164535871148
ep15359,-13.994164535871148
ep15360,-13.994164535871148
ep15361,34.30073813880746
ep15362,34.30073813880746
ep15363,-13.994164535871148
ep15364,31.628153449845186
ep15365,-13.994164535871148
ep15366,30.311871915346735
ep15367,-13.994164535871148
ep15368,30.311871915346735
ep15369,31.628153449845186
ep15370,32.957730757419384
ep15371,41.22202241015
ep15372,41.22202241015
ep15373,-13.994164535871148
ep15374,29.00875319619327
ep15375,29.00875319619327
ep15376,39.80980218604849
ep15377,34.30073813880746
ep15378,34.30073813880746
ep15379,-13.994164535871148
ep15380,-13.994164535871148
ep15381,-13.994164535871148
ep15382,31.628153449845186
ep15383,-13.994164535871148
ep15384,35.65731125132067
ep15385,-13.994164535871148
ep15386,-13.994164535871148
ep15387,-13.994164535871148
ep15388,-13.994164535871148
ep15389,-13.994164535871148
ep15390,35.65731125132067
ep15391,32.957730757419384
ep15392,34.30073813880746
ep15393,34.30073813880746
ep15394,-13.994164535871148
ep15395,37.02758712254613
ep15396,30.311871915346735
ep15397,30.311871915346735
ep15398,-13.994164535871148
ep15399,-13.994164535871148
ep15400,31.628153449845186
ep15401,30.311871915346735
ep15402,-13.994164535871148
ep15403,32.957730757419384
ep15404,39.80980218604849
ep15405,-13.994164535871148
ep15406,-13.994164535871148
ep15407,32.957730757419384
ep15408,-13.994164535871148
ep15409,30.311871915346735
ep15410,34.30073813880746
ep15411,31.628153449845186
ep15412,31.628153449845186
ep15413,-13.994164535871148
ep15414,34.30073813880746
ep15415,34.30073813880746
ep15416,-13.994164535871148
ep15417,32.957730757419384
ep15418,-13.994164535871148
ep15419,-13.994164535871148
ep15420,-13.994164535871148
ep15421,39.80980218604849
ep15422,-13.994164535871148
ep15423,35.65731125132067
ep15424,-13.994164535871148
ep15425,-13.994164535871148
ep15426,34.30073813880746
ep15427,32.957730757419384
ep15428,30.311871915346735
ep15429,-13.994164535871148
ep15430,30.311871915346735
ep15431,-13.994164535871148
ep15432,-13.994164535871148
ep15433,-13.994164535871148
ep15434,-13.994164535871148
ep15435,37.02758712254613
ep15436,30.311871915346735
ep15437,-13.994164535871148
ep15438,34.30073813880746
ep15439,34.30073813880746
ep15440,-13.994164535871148
ep15441,-13.994164535871148
ep15442,38.41170416418801
ep15443,-13.994164535871148
ep15444,34.30073813880746
ep15445,-13.994164535871148
ep15446,-13.994164535871148
ep15447,31.628153449845186
ep15448,34.30073813880746
ep15449,-13.994164535871148
ep15450,39.80980218604849
ep15451,38.41170416418801
ep15452,39.80980218604849
ep15453,-13.994164535871148
ep15454,-13.994164535871148
ep15455,41.22202241015
ep15456,32.957730757419384
ep15457,30.311871915346735
ep15458,-13.994164535871148
ep15459,-13.994164535871148
ep15460,37.02758712254613
ep15461,-13.994164535871148
ep15462,30.311871915346735
ep15463,-13.994164535871148
ep15464,29.00875319619327
ep15465,-13.994164535871148
ep15466,32.957730757419384
ep15467,31.628153449845186
ep15468,35.65731125132067
ep15469,41.22202241015
ep15470,-13.994164535871148
ep15471,-13.994164535871148
ep15472,-13.994164535871148
ep15473,29.00875319619327
ep15474,41.22202241015
ep15475,-13.994164535871148
ep15476,29.00875319619327
ep15477,41.22202241015
ep15478,-13.994164535871148
ep15479,-13.994164535871148
ep15480,31.628153449845186
ep15481,-13.994164535871148
ep15482,-13.994164535871148
ep15483,34.30073813880746
ep15484,34.30073813880746
ep15485,32.957730757419384
ep15486,-13.994164535871148
ep15487,-13.994164535871148
ep15488,41.22202241015
ep15489,-13.994164535871148
ep15490,39.80980218604849
ep15491,38.41170416418801
ep15492,-13.994164535871148
ep15493,32.957730757419384
ep15494,34.30073813880746
ep15495,29.00875319619327
ep15496,34.30073813880746
ep15497,-13.994164535871148
ep15498,29.00875319619327
ep15499,29.00875319619327
ep15500,-13.994164535871148
ep15501,30.311871915346735
ep15502,-13.994164535871148
ep15503,30.311871915346735
ep15504,39.80980218604849
ep15505,-13.994164535871148
ep15506,35.65731125132067
ep15507,32.957730757419384
ep15508,-13.994164535871148
ep15509,30.311871915346735
ep15510,30.311871915346735
ep15511,31.628153449845186
ep15512,39.80980218604849
ep15513,-13.994164535871148
ep15514,30.311871915346735
ep15515,29.00875319619327
ep15516,35.65731125132067
ep15517,41.22202241015
ep15518,32.957730757419384
ep15519,-13.994164535871148
ep15520,-13.994164535871148
ep15521,30.311871915346735
ep15522,29.00875319619327
ep15523,37.02758712254613
ep15524,29.00875319619327
ep15525,30.311871915346735
ep15526,31.628153449845186
ep15527,-13.994164535871148
ep15528,-13.994164535871148
ep15529,-13.994164535871148
ep15530,-13.994164535871148
ep15531,35.65731125132067
ep15532,35.65731125132067
ep15533,31.628153449845186
ep15534,37.02758712254613
ep15535,37.02758712254613
ep15536,35.65731125132067
ep15537,32.957730757419384
ep15538,-13.994164535871148
ep15539,-13.994164535871148
ep15540,31.628153449845186
ep15541,-13.994164535871148
ep15542,30.311871915346735
ep15543,30.311871915346735
ep15544,37.02758712254613
ep15545,37.02758712254613
ep15546,37.02758712254613
ep15547,-13.994164535871148
ep15548,31.628153449845186
ep15549,34.30073813880746
ep15550,38.41170416418801
ep15551,31.628153449845186
ep15552,34.30073813880746
ep15553,37.02758712254613
ep15554,-13.994164535871148
ep15555,-13.994164535871148
ep15556,30.311871915346735
ep15557,-13.994164535871148
ep15558,29.00875319619327
ep15559,34.30073813880746
ep15560,30.311871915346735
ep15561,31.628153449845186
ep15562,-13.994164535871148
ep15563,-13.994164535871148
ep15564,35.65731125132067
ep15565,-13.994164535871148
ep15566,41.22202241015
ep15567,29.00875319619327
ep15568,31.628153449845186
ep15569,41.22202241015
ep15570,-13.994164535871148
ep15571,-13.994164535871148
ep15572,-13.994164535871148
ep15573,34.30073813880746
ep15574,37.02758712254613
ep15575,30.311871915346735
ep15576,-13.994164535871148
ep15577,32.957730757419384
ep15578,31.628153449845186
ep15579,32.957730757419384
ep15580,30.311871915346735
ep15581,-13.994164535871148
ep15582,34.30073813880746
ep15583,32.957730757419384
ep15584,37.02758712254613
ep15585,-13.994164535871148
ep15586,31.628153449845186
ep15587,37.02758712254613
ep15588,-13.994164535871148
ep15589,35.65731125132067
ep15590,-13.994164535871148
ep15591,-13.994164535871148
ep15592,-13.994164535871148
ep15593,30.311871915346735
ep15594,-13.994164535871148
ep15595,38.41170416418801
ep15596,-13.994164535871148
ep15597,32.957730757419384
ep15598,-13.994164535871148
ep15599,34.30073813880746
ep15600,37.02758712254613
ep15601,-13.994164535871148
ep15602,29.00875319619327
ep15603,30.311871915346735
ep15604,-13.994164535871148
ep15605,35.65731125132067
ep15606,29.00875319619327
ep15607,38.41170416418801
ep15608,-13.994164535871148
ep15609,31.628153449845186
ep15610,38.41170416418801
ep15611,37.02758712254613
ep15612,-13.994164535871148
ep15613,31.628153449845186
ep15614,34.30073813880746
ep15615,-13.994164535871148
ep15616,31.628153449845186
ep15617,-13.994164535871148
ep15618,-13.994164535871148
ep15619,30.311871915346735
ep15620,-13.994164535871148
ep15621,31.628153449845186
ep15622,34.30073813880746
ep15623,-13.994164535871148
ep15624,-13.994164535871148
ep15625,31.628153449845186
ep15626,39.80980218604849
ep15627,34.30073813880746
ep15628,34.30073813880746
ep15629,-13.994164535871148
ep15630,30.311871915346735
ep15631,-13.994164535871148
ep15632,34.30073813880746
ep15633,30.311871915346735
ep15634,-13.994164535871148
ep15635,32.957730757419384
ep15636,31.628153449845186
ep15637,30.311871915346735
ep15638,37.02758712254613
ep15639,-13.994164535871148
ep15640,31.628153449845186
ep15641,34.30073813880746
ep15642,30.311871915346735
ep15643,30.311871915346735
ep15644,35.65731125132067
ep15645,31.628153449845186
ep15646,-13.994164535871148
ep15647,30.311871915346735
ep15648,32.957730757419384
ep15649,32.957730757419384
ep15650,41.22202241015
ep15651,-13.994164535871148
ep15652,34.30073813880746
ep15653,-13.994164535871148
ep15654,39.80980218604849
ep15655,38.41170416418801
ep15656,-13.994164535871148
ep15657,-13.994164535871148
ep15658,-13.994164535871148
ep15659,30.311871915346735
ep15660,34.30073813880746
ep15661,41.22202241015
ep15662,35.65731125132067
ep15663,34.30073813880746
ep15664,-13.994164535871148
ep15665,-13.994164535871148
ep15666,-13.994164535871148
ep15667,34.30073813880746
ep15668,-13.994164535871148
ep15669,-13.994164535871148
ep15670,29.00875319619327
ep15671,38.41170416418801
ep15672,-13.994164535871148
ep15673,41.22202241015
ep15674,-13.994164535871148
ep15675,-13.994164535871148
ep15676,30.311871915346735
ep15677,-13.994164535871148
ep15678,30.311871915346735
ep15679,-13.994164535871148
ep15680,-13.994164535871148
ep15681,38.41170416418801
ep15682,-13.994164535871148
ep15683,-13.994164535871148
ep15684,-13.994164535871148
ep15685,30.311871915346735
ep15686,29.00875319619327
ep15687,-13.994164535871148
ep15688,-13.994164535871148
ep15689,-13.994164535871148
ep15690,-13.994164535871148
ep15691,32.957730757419384
ep15692,-13.994164535871148
ep15693,-13.994164535871148
ep15694,31.628153449845186
ep15695,34.30073813880746
ep15696,-13.994164535871148
ep15697,-13.994164535871148
ep15698,-13.994164535871148
ep15699,30.311871915346735
ep15700,35.65731125132067
ep15701,-13.994164535871148
ep15702,-13.994164535871148
ep15703,35.65731125132067
ep15704,32.957730757419384
ep15705,30.311871915346735
ep15706,41.22202241015
ep15707,29.00875319619327
ep15708,-13.994164535871148
ep15709,-13.994164535871148
ep15710,34.30073813880746
ep15711,35.65731125132067
ep15712,32.957730757419384
ep15713,31.628153449845186
ep15714,30.311871915346735
ep15715,-13.994164535871148
ep15716,-13.994164535871148
ep15717,34.30073813880746
ep15718,-13.994164535871148
ep15719,-13.994164535871148
ep15720,29.00875319619327
ep15721,39.80980218604849
ep15722,30.311871915346735
ep15723,30.311871915346735
ep15724,38.41170416418801
ep15725,-13.994164535871148
ep15726,30.311871915346735
ep15727,-13.994164535871148
ep15728,39.80980218604849
ep15729,34.30073813880746
ep15730,41.22202241015
ep15731,34.30073813880746
ep15732,32.957730757419384
ep15733,-13.994164535871148
ep15734,31.628153449845186
ep15735,32.957730757419384
ep15736,31.628153449845186
ep15737,37.02758712254613
ep15738,-13.994164535871148
ep15739,37.02758712254613
ep15740,41.22202241015
ep15741,30.311871915346735
ep15742,30.311871915346735
ep15743,-13.994164535871148
ep15744,31.628153449845186
ep15745,-13.994164535871148
ep15746,29.00875319619327
ep15747,-13.994164535871148
ep15748,30.311871915346735
ep15749,38.41170416418801
ep15750,29.00875319619327
ep15751,30.311871915346735
ep15752,34.30073813880746
ep15753,-13.994164535871148
ep15754,-13.994164535871148
ep15755,31.628153449845186
ep15756,-13.994164535871148
ep15757,30.311871915346735
ep15758,30.311871915346735
ep15759,38.41170416418801
ep15760,29.00875319619327
ep15761,30.311871915346735
ep15762,-13.994164535871148
ep15763,-13.994164535871148
ep15764,-13.994164535871148
ep15765,37.02758712254613
ep15766,31.628153449845186
ep15767,-13.994164535871148
ep15768,38.41170416418801
ep15769,-13.994164535871148
ep15770,31.628153449845186
ep15771,32.957730757419384
ep15772,-13.994164535871148
ep15773,34.30073813880746
ep15774,32.957730757419384
ep15775,29.00875319619327
ep15776,41.22202241015
ep15777,-13.994164535871148
ep15778,35.65731125132067
ep15779,32.957730757419384
ep15780,38.41170416418801
ep15781,39.80980218604849
ep15782,-13.994164535871148
ep15783,31.628153449845186
ep15784,30.311871915346735
ep15785,31.628153449845186
ep15786,29.00875319619327
ep15787,-13.994164535871148
ep15788,-13.994164535871148
ep15789,-13.994164535871148
ep15790,30.311871915346735
ep15791,35.65731125132067
ep15792,38.41170416418801
ep15793,-13.994164535871148
ep15794,-13.994164535871148
ep15795,39.80980218604849
ep15796,30.311871915346735
ep15797,31.628153449845186
ep15798,-13.994164535871148
ep15799,32.957730757419384
ep15800,-13.994164535871148
ep15801,35.65731125132067
ep15802,-13.994164535871148
ep15803,-13.994164535871148
ep15804,-13.994164535871148
ep15805,39.80980218604849
ep15806,30.311871915346735
ep15807,-13.994164535871148
ep15808,-13.994164535871148
ep15809,-13.994164535871148
ep15810,-13.994164535871148
ep15811,32.957730757419384
ep15812,37.02758712254613
ep15813,34.30073813880746
ep15814,37.02758712254613
ep15815,-13.994164535871148
ep15816,37.02758712254613
ep15817,32.957730757419384
ep15818,32.957730757419384
ep15819,41.22202241015
ep15820,32.957730757419384
ep15821,-13.994164535871148
ep15822,-13.994164535871148
ep15823,-13.994164535871148
ep15824,-13.994164535871148
ep15825,-13.994164535871148
ep15826,-13.994164535871148
ep15827,-13.994164535871148
ep15828,41.22202241015
ep15829,31.628153449845186
ep15830,-13.994164535871148
ep15831,29.00875319619327
ep15832,37.02758712254613
ep15833,32.957730757419384
ep15834,38.41170416418801
ep15835,41.22202241015
ep15836,-13.994164535871148
ep15837,41.22202241015
ep15838,31.628153449845186
ep15839,-13.994164535871148
ep15840,29.00875319619327
ep15841,-13.994164535871148
ep15842,38.41170416418801
ep15843,-13.994164535871148
ep15844,-13.994164535871148
ep15845,-13.994164535871148
ep15846,-13.994164535871148
ep15847,-13.994164535871148
ep15848,34.30073813880746
ep15849,30.311871915346735
ep15850,31.628153449845186
ep15851,35.65731125132067
ep15852,29.00875319619327
ep15853,30.311871915346735
ep15854,38.41170416418801
ep15855,-13.994164535871148
ep15856,34.30073813880746
ep15857,30.311871915346735
ep15858,-13.994164535871148
ep15859,39.80980218604849
ep15860,-13.994164535871148
ep15861,35.65731125132067
ep15862,37.02758712254613
ep15863,29.00875319619327
ep15864,35.65731125132067
ep15865,41.22202241015
ep15866,37.02758712254613
ep15867,38.41170416418801
ep15868,37.02758712254613
ep15869,29.00875319619327
ep15870,30.311871915346735
ep15871,-13.994164535871148
ep15872,29.00875319619327
ep15873,35.65731125132067
ep15874,37.02758712254613
ep15875,34.30073813880746
ep15876,38.41170416418801
ep15877,39.80980218604849
ep15878,-13.994164535871148
ep15879,-13.994164535871148
ep15880,41.22202241015
ep15881,-13.994164535871148
ep15882,32.957730757419384
ep15883,-13.994164535871148
ep15884,-13.994164535871148
ep15885,30.311871915346735
ep15886,29.00875319619327
ep15887,35.65731125132067
ep15888,-13.994164535871148
ep15889,-13.994164535871148
ep15890,31.628153449845186
ep15891,-13.994164535871148
ep15892,-13.994164535871148
ep15893,31.628153449845186
ep15894,-13.994164535871148
ep15895,39.80980218604849
ep15896,34.30073813880746
ep15897,-13.994164535871148
ep15898,34.30073813880746
ep15899,37.02758712254613
ep15900,39.80980218604849
ep15901,31.628153449845186
ep15902,-13.994164535871148
ep15903,-13.994164535871148
ep15904,31.628153449845186
ep15905,30.311871915346735
ep15906,-13.994164535871148
ep15907,-13.994164535871148
ep15908,29.00875319619327
ep15909,34.30073813880746
ep15910,38.41170416418801
ep15911,30.311871915346735
ep15912,-13.994164535871148
ep15913,-13.994164535871148
ep15914,-13.994164535871148
ep15915,-13.994164535871148
ep15916,34.30073813880746
ep15917,34.30073813880746
ep15918,-13.994164535871148
ep15919,29.00875319619327
ep15920,32.957730757419384
ep15921,-13.994164535871148
ep15922,-13.994164535871148
ep15923,-13.994164535871148
ep15924,-13.994164535871148
ep15925,-13.994164535871148
ep15926,-13.994164535871148
ep15927,-13.994164535871148
ep15928,-13.994164535871148
ep15929,30.311871915346735
ep15930,37.02758712254613
ep15931,29.00875319619327
ep15932,-13.994164535871148
ep15933,34.30073813880746
ep15934,-13.994164535871148
ep15935,34.30073813880746
ep15936,-13.994164535871148
ep15937,31.628153449845186
ep15938,31.628153449845186
ep15939,31.628153449845186
ep15940,-13.994164535871148
ep15941,29.00875319619327
ep15942,-13.994164535871148
ep15943,-13.994164535871148
ep15944,-13.994164535871148
ep15945,-13.994164535871148
ep15946,-13.994164535871148
ep15947,31.628153449845186
ep15948,38.41170416418801
ep15949,-13.994164535871148
ep15950,-13.994164535871148
ep15951,35.65731125132067
ep15952,-13.994164535871148
ep15953,34.30073813880746
ep15954,-13.994164535871148
ep15955,30.311871915346735
ep15956,-13.994164535871148
ep15957,29.00875319619327
ep15958,41.22202241015
ep15959,30.311871915346735
ep15960,32.957730757419384
ep15961,-13.994164535871148
ep15962,32.957730757419384
ep15963,-13.994164535871148
ep15964,38.41170416418801
ep15965,32.957730757419384
ep15966,-13.994164535871148
ep15967,34.30073813880746
ep15968,-13.994164535871148
ep15969,-13.994164535871148
ep15970,-13.994164535871148
ep15971,32.957730757419384
ep15972,39.80980218604849
ep15973,-13.994164535871148
ep15974,-13.994164535871148
ep15975,29.00875319619327
ep15976,30.311871915346735
ep15977,-13.994164535871148
ep15978,30.311871915346735
ep15979,-13.994164535871148
ep15980,37.02758712254613
ep15981,-13.994164535871148
ep15982,29.00875319619327
ep15983,37.02758712254613
ep15984,31.628153449845186
ep15985,-13.994164535871148
ep15986,39.80980218604849
ep15987,41.22202241015
ep15988,38.41170416418801
ep15989,32.957730757419384
ep15990,38.41170416418801
ep15991,38.41170416418801
ep15992,29.00875319619327
ep15993,29.00875319619327
ep15994,-13.994164535871148
ep15995,-13.994164535871148
ep15996,38.41170416418801
ep15997,37.02758712254613
ep15998,-13.994164535871148
ep15999,30.311871915346735
ep16000,30.311871915346735
ep16001,-13.994164535871148
ep16002,-13.994164535871148
ep16003,30.311871915346735
ep16004,-13.994164535871148
ep16005,38.41170416418801
ep16006,30.311871915346735
ep16007,-13.994164535871148
ep16008,29.00875319619327
ep16009,-13.994164535871148
ep16010,30.311871915346735
ep16011,-13.994164535871148
ep16012,29.00875319619327
ep16013,39.80980218604849
ep16014,34.30073813880746
ep16015,37.02758712254613
ep16016,30.311871915346735
ep16017,35.65731125132067
ep16018,37.02758712254613
ep16019,31.628153449845186
ep16020,-13.994164535871148
ep16021,39.80980218604849
ep16022,32.957730757419384
ep16023,-13.994164535871148
ep16024,35.65731125132067
ep16025,38.41170416418801
ep16026,-13.994164535871148
ep16027,34.30073813880746
ep16028,32.957730757419384
ep16029,-13.994164535871148
ep16030,-13.994164535871148
ep16031,38.41170416418801
ep16032,34.30073813880746
ep16033,30.311871915346735
ep16034,37.02758712254613
ep16035,-13.994164535871148
ep16036,-13.994164535871148
ep16037,-13.994164535871148
ep16038,-13.994164535871148
ep16039,29.00875319619327
ep16040,-13.994164535871148
ep16041,39.80980218604849
ep16042,37.02758712254613
ep16043,31.628153449845186
ep16044,-13.994164535871148
ep16045,34.30073813880746
ep16046,-13.994164535871148
ep16047,34.30073813880746
ep16048,41.22202241015
ep16049,37.02758712254613
ep16050,-13.994164535871148
ep16051,32.957730757419384
ep16052,-13.994164535871148
ep16053,-13.994164535871148
ep16054,-13.994164535871148
ep16055,32.957730757419384
ep16056,-13.994164535871148
ep16057,-13.994164535871148
ep16058,31.628153449845186
ep16059,38.41170416418801
ep16060,-13.994164535871148
ep16061,31.628153449845186
ep16062,-13.994164535871148
ep16063,37.02758712254613
ep16064,30.311871915346735
ep16065,-13.994164535871148
ep16066,-13.994164535871148
ep16067,34.30073813880746
ep16068,41.22202241015
ep16069,-13.994164535871148
ep16070,29.00875319619327
ep16071,-13.994164535871148
ep16072,-13.994164535871148
ep16073,34.30073813880746
ep16074,-13.994164535871148
ep16075,34.30073813880746
ep16076,31.628153449845186
ep16077,30.311871915346735
ep16078,37.02758712254613
ep16079,37.02758712254613
ep16080,34.30073813880746
ep16081,-13.994164535871148
ep16082,34.30073813880746
ep16083,-13.994164535871148
ep16084,-13.994164535871148
ep16085,-13.994164535871148
ep16086,31.628153449845186
ep16087,37.02758712254613
ep16088,37.02758712254613
ep16089,-13.994164535871148
ep16090,-13.994164535871148
ep16091,39.80980218604849
ep16092,-13.994164535871148
ep16093,-13.994164535871148
ep16094,31.628153449845186
ep16095,30.311871915346735
ep16096,30.311871915346735
ep16097,30.311871915346735
ep16098,-13.994164535871148
ep16099,37.02758712254613
ep16100,-13.994164535871148
ep16101,-13.994164535871148
ep16102,-13.994164535871148
ep16103,-13.994164535871148
ep16104,39.80980218604849
ep16105,-13.994164535871148
ep16106,30.311871915346735
ep16107,35.65731125132067
ep16108,35.65731125132067
ep16109,29.00875319619327
ep16110,-13.994164535871148
ep16111,34.30073813880746
ep16112,32.957730757419384
ep16113,31.628153449845186
ep16114,32.957730757419384
ep16115,38.41170416418801
ep16116,-13.994164535871148
ep16117,37.02758712254613
ep16118,-13.994164535871148
ep16119,-13.994164535871148
ep16120,34.30073813880746
ep16121,-13.994164535871148
ep16122,32.957730757419384
ep16123,-13.994164535871148
ep16124,-13.994164535871148
ep16125,-13.994164535871148
ep16126,39.80980218604849
ep16127,-13.994164535871148
ep16128,34.30073813880746
ep16129,-13.994164535871148
ep16130,32.957730757419384
ep16131,30.311871915346735
ep16132,-13.994164535871148
ep16133,31.628153449845186
ep16134,32.957730757419384
ep16135,-13.994164535871148
ep16136,38.41170416418801
ep16137,35.65731125132067
ep16138,-13.994164535871148
ep16139,30.311871915346735
ep16140,-13.994164535871148
ep16141,-13.994164535871148
ep16142,32.957730757419384
ep16143,41.22202241015
ep16144,37.02758712254613
ep16145,32.957730757419384
ep16146,-13.994164535871148
ep16147,-13.994164535871148
ep16148,-13.994164535871148
ep16149,30.311871915346735
ep16150,34.30073813880746
ep16151,-13.994164535871148
ep16152,-13.994164535871148
ep16153,-13.994164535871148
ep16154,-13.994164535871148
ep16155,32.957730757419384
ep16156,-13.994164535871148
ep16157,34.30073813880746
ep16158,-13.994164535871148
ep16159,-13.994164535871148
ep16160,-13.994164535871148
ep16161,41.22202241015
ep16162,30.311871915346735
ep16163,35.65731125132067
ep16164,38.41170416418801
ep16165,-13.994164535871148
ep16166,-13.994164535871148
ep16167,41.22202241015
ep16168,32.957730757419384
ep16169,-13.994164535871148
ep16170,32.957730757419384
ep16171,29.00875319619327
ep16172,-13.994164535871148
ep16173,32.957730757419384
ep16174,-13.994164535871148
ep16175,-13.994164535871148
ep16176,39.80980218604849
ep16177,30.311871915346735
ep16178,37.02758712254613
ep16179,41.22202241015
ep16180,34.30073813880746
ep16181,41.22202241015
ep16182,37.02758712254613
ep16183,37.02758712254613
ep16184,-13.994164535871148
ep16185,35.65731125132067
ep16186,-13.994164535871148
ep16187,-13.994164535871148
ep16188,29.00875319619327
ep16189,30.311871915346735
ep16190,-13.994164535871148
ep16191,37.02758712254613
ep16192,32.957730757419384
ep16193,-13.994164535871148
ep16194,-13.994164535871148
ep16195,34.30073813880746
ep16196,37.02758712254613
ep16197,34.30073813880746
ep16198,30.311871915346735
ep16199,-13.994164535871148
ep16200,29.00875319619327
ep16201,35.65731125132067
ep16202,39.80980218604849
ep16203,32.957730757419384
ep16204,39.80980218604849
ep16205,-13.994164535871148
ep16206,-13.994164535871148
ep16207,-13.994164535871148
ep16208,29.00875319619327
ep16209,38.41170416418801
ep16210,-13.994164535871148
ep16211,35.65731125132067
ep16212,-13.994164535871148
ep16213,-13.994164535871148
ep16214,32.957730757419384
ep16215,31.628153449845186
ep16216,-13.994164535871148
ep16217,37.02758712254613
ep16218,32.957730757419384
ep16219,29.00875319619327
ep16220,30.311871915346735
ep16221,34.30073813880746
ep16222,-13.994164535871148
ep16223,-13.994164535871148
ep16224,-13.994164535871148
ep16225,29.00875319619327
ep16226,30.311871915346735
ep16227,32.957730757419384
ep16228,-13.994164535871148
ep16229,41.22202241015
ep16230,34.30073813880746
ep16231,-13.994164535871148
ep16232,-13.994164535871148
ep16233,30.311871915346735
ep16234,-13.994164535871148
ep16235,-13.994164535871148
ep16236,-13.994164535871148
ep16237,30.311871915346735
ep16238,-13.994164535871148
ep16239,-13.994164535871148
ep16240,-13.994164535871148
ep16241,-13.994164535871148
ep16242,38.41170416418801
ep16243,34.30073813880746
ep16244,31.628153449845186
ep16245,-13.994164535871148
ep16246,-13.994164535871148
ep16247,-13.994164535871148
ep16248,-13.994164535871148
ep16249,39.80980218604849
ep16250,32.957730757419384
ep16251,30.311871915346735
ep16252,37.02758712254613
ep16253,-13.994164535871148
ep16254,35.65731125132067
ep16255,-13.994164535871148
ep16256,41.22202241015
ep16257,35.65731125132067
ep16258,-13.994164535871148
ep16259,-13.994164535871148
ep16260,-13.994164535871148
ep16261,-13.994164535871148
ep16262,29.00875319619327
ep16263,-13.994164535871148
ep16264,35.65731125132067
ep16265,-13.994164535871148
ep16266,35.65731125132067
ep16267,34.30073813880746
ep16268,30.311871915346735
ep16269,34.30073813880746
ep16270,32.957730757419384
ep16271,30.311871915346735
ep16272,-13.994164535871148
ep16273,-13.994164535871148
ep16274,-13.994164535871148
ep16275,30.311871915346735
ep16276,34.30073813880746
ep16277,-13.994164535871148
ep16278,41.22202241015
ep16279,34.30073813880746
ep16280,37.02758712254613
ep16281,30.311871915346735
ep16282,41.22202241015
ep16283,35.65731125132067
ep16284,30.311871915346735
ep16285,32.957730757419384
ep16286,-13.994164535871148
ep16287,-13.994164535871148
ep16288,41.22202241015
ep16289,31.628153449845186
ep16290,39.80980218604849
ep16291,-13.994164535871148
ep16292,-13.994164535871148
ep16293,-13.994164535871148
ep16294,-13.994164535871148
ep16295,-13.994164535871148
ep16296,-13.994164535871148
ep16297,30.311871915346735
ep16298,-13.994164535871148
ep16299,-13.994164535871148
ep16300,-13.994164535871148
ep16301,-13.994164535871148
ep16302,31.628153449845186
ep16303,39.80980218604849
ep16304,32.957730757419384
ep16305,-13.994164535871148
ep16306,-13.994164535871148
ep16307,37.02758712254613
ep16308,31.628153449845186
ep16309,30.311871915346735
ep16310,38.41170416418801
ep16311,-13.994164535871148
ep16312,30.311871915346735
ep16313,-13.994164535871148
ep16314,-13.994164535871148
ep16315,31.628153449845186
ep16316,32.957730757419384
ep16317,31.628153449845186
ep16318,39.80980218604849
ep16319,-13.994164535871148
ep16320,30.311871915346735
ep16321,-13.994164535871148
ep16322,31.628153449845186
ep16323,-13.994164535871148
ep16324,35.65731125132067
ep16325,-13.994164535871148
ep16326,32.957730757419384
ep16327,34.30073813880746
ep16328,32.957730757419384
ep16329,-13.994164535871148
ep16330,32.957730757419384
ep16331,-13.994164535871148
ep16332,-13.994164535871148
ep16333,37.02758712254613
ep16334,32.957730757419384
ep16335,38.41170416418801
ep16336,30.311871915346735
ep16337,-13.994164535871148
ep16338,30.311871915346735
ep16339,29.00875319619327
ep16340,-13.994164535871148
ep16341,30.311871915346735
ep16342,-13.994164535871148
ep16343,-13.994164535871148
ep16344,34.30073813880746
ep16345,-13.994164535871148
ep16346,-13.994164535871148
ep16347,41.22202241015
ep16348,41.22202241015
ep16349,-13.994164535871148
ep16350,-13.994164535871148
ep16351,35.65731125132067
ep16352,38.41170416418801
ep16353,34.30073813880746
ep16354,-13.994164535871148
ep16355,39.80980218604849
ep16356,32.957730757419384
ep16357,31.628153449845186
ep16358,35.65731125132067
ep16359,35.65731125132067
ep16360,31.628153449845186
ep16361,39.80980218604849
ep16362,30.311871915346735
ep16363,32.957730757419384
ep16364,37.02758712254613
ep16365,32.957730757419384
ep16366,35.65731125132067
ep16367,31.628153449845186
ep16368,32.957730757419384
ep16369,30.311871915346735
ep16370,30.311871915346735
ep16371,-13.994164535871148
ep16372,39.80980218604849
ep16373,-13.994164535871148
ep16374,-13.994164535871148
ep16375,-13.994164535871148
ep16376,35.65731125132067
ep16377,31.628153449845186
ep16378,30.311871915346735
ep16379,-13.994164535871148
ep16380,-13.994164535871148
ep16381,35.65731125132067
ep16382,-13.994164535871148
ep16383,-13.994164535871148
ep16384,30.311871915346735
ep16385,-13.994164535871148
ep16386,35.65731125132067
ep16387,-13.994164535871148
ep16388,-13.994164535871148
ep16389,39.80980218604849
ep16390,-13.994164535871148
ep16391,34.30073813880746
ep16392,32.957730757419384
ep16393,-13.994164535871148
ep16394,35.65731125132067
ep16395,32.957730757419384
ep16396,-13.994164535871148
ep16397,-13.994164535871148
ep16398,-13.994164535871148
ep16399,-13.994164535871148
ep16400,38.41170416418801
ep16401,35.65731125132067
ep16402,34.30073813880746
ep16403,39.80980218604849
ep16404,-13.994164535871148
ep16405,-13.994164535871148
ep16406,35.65731125132067
ep16407,29.00875319619327
ep16408,35.65731125132067
ep16409,32.957730757419384
ep16410,41.22202241015
ep16411,-13.994164535871148
ep16412,-13.994164535871148
ep16413,32.957730757419384
ep16414,-13.994164535871148
ep16415,-13.994164535871148
ep16416,38.41170416418801
ep16417,-13.994164535871148
ep16418,38.41170416418801
ep16419,35.65731125132067
ep16420,-13.994164535871148
ep16421,38.41170416418801
ep16422,-13.994164535871148
ep16423,39.80980218604849
ep16424,35.65731125132067
ep16425,-13.994164535871148
ep16426,39.80980218604849
ep16427,32.957730757419384
ep16428,29.00875319619327
ep16429,31.628153449845186
ep16430,32.957730757419384
ep16431,38.41170416418801
ep16432,-13.994164535871148
ep16433,-13.994164535871148
ep16434,-13.994164535871148
ep16435,-13.994164535871148
ep16436,34.30073813880746
ep16437,34.30073813880746
ep16438,32.957730757419384
ep16439,34.30073813880746
ep16440,29.00875319619327
ep16441,-13.994164535871148
ep16442,32.957730757419384
ep16443,-13.994164535871148
ep16444,-13.994164535871148
ep16445,30.311871915346735
ep16446,-13.994164535871148
ep16447,35.65731125132067
ep16448,34.30073813880746
ep16449,-13.994164535871148
ep16450,-13.994164535871148
ep16451,32.957730757419384
ep16452,37.02758712254613
ep16453,30.311871915346735
ep16454,32.957730757419384
ep16455,-13.994164535871148
ep16456,32.957730757419384
ep16457,29.00875319619327
ep16458,-13.994164535871148
ep16459,-13.994164535871148
ep16460,34.30073813880746
ep16461,30.311871915346735
ep16462,-13.994164535871148
ep16463,32.957730757419384
ep16464,-13.994164535871148
ep16465,39.80980218604849
ep16466,-13.994164535871148
ep16467,29.00875319619327
ep16468,32.957730757419384
ep16469,-13.994164535871148
ep16470,-13.994164535871148
ep16471,-13.994164535871148
ep16472,41.22202241015
ep16473,37.02758712254613
ep16474,-13.994164535871148
ep16475,37.02758712254613
ep16476,30.311871915346735
ep16477,34.30073813880746
ep16478,31.628153449845186
ep16479,35.65731125132067
ep16480,-13.994164535871148
ep16481,-13.994164535871148
ep16482,32.957730757419384
ep16483,35.65731125132067
ep16484,29.00875319619327
ep16485,-13.994164535871148
ep16486,34.30073813880746
ep16487,30.311871915346735
ep16488,30.311871915346735
ep16489,37.02758712254613
ep16490,-13.994164535871148
ep16491,41.22202241015
ep16492,32.957730757419384
ep16493,-13.994164535871148
ep16494,39.80980218604849
ep16495,-13.994164535871148
ep16496,-13.994164535871148
ep16497,29.00875319619327
ep16498,-13.994164535871148
ep16499,31.628153449845186
ep16500,-13.994164535871148
ep16501,-13.994164535871148
ep16502,38.41170416418801
ep16503,-13.994164535871148
ep16504,-13.994164535871148
ep16505,-13.994164535871148
ep16506,30.311871915346735
ep16507,-13.994164535871148
ep16508,-13.994164535871148
ep16509,30.311871915346735
ep16510,34.30073813880746
ep16511,-13.994164535871148
ep16512,-13.994164535871148
ep16513,-13.994164535871148
ep16514,-13.994164535871148
ep16515,30.311871915346735
ep16516,-13.994164535871148
ep16517,30.311871915346735
ep16518,-13.994164535871148
ep16519,32.957730757419384
ep16520,-13.994164535871148
ep16521,-13.994164535871148
ep16522,-13.994164535871148
ep16523,37.02758712254613
ep16524,-13.994164535871148
ep16525,-13.994164535871148
ep16526,31.628153449845186
ep16527,39.80980218604849
ep16528,29.00875319619327
ep16529,34.30073813880746
ep16530,34.30073813880746
ep16531,31.628153449845186
ep16532,39.80980218604849
ep16533,41.22202241015
ep16534,41.22202241015
ep16535,-13.994164535871148
ep16536,35.65731125132067
ep16537,-13.994164535871148
ep16538,29.00875319619327
ep16539,35.65731125132067
ep16540,31.628153449845186
ep16541,31.628153449845186
ep16542,34.30073813880746
ep16543,-13.994164535871148
ep16544,29.00875319619327
ep16545,30.311871915346735
ep16546,-13.994164535871148
ep16547,31.628153449845186
ep16548,30.311871915346735
ep16549,30.311871915346735
ep16550,35.65731125132067
ep16551,-13.994164535871148
ep16552,37.02758712254613
ep16553,-13.994164535871148
ep16554,29.00875319619327
ep16555,32.957730757419384
ep16556,37.02758712254613
ep16557,31.628153449845186
ep16558,-13.994164535871148
ep16559,-13.994164535871148
ep16560,-13.994164535871148
ep16561,34.30073813880746
ep16562,-13.994164535871148
ep16563,37.02758712254613
ep16564,32.957730757419384
ep16565,39.80980218604849
ep16566,41.22202241015
ep16567,-13.994164535871148
ep16568,-13.994164535871148
ep16569,-13.994164535871148
ep16570,34.30073813880746
ep16571,-13.994164535871148
ep16572,-13.994164535871148
ep16573,31.628153449845186
ep16574,-13.994164535871148
ep16575,-13.994164535871148
ep16576,32.957730757419384
ep16577,-13.994164535871148
ep16578,30.311871915346735
ep16579,37.02758712254613
ep16580,31.628153449845186
ep16581,-13.994164535871148
ep16582,30.311871915346735
ep16583,-13.994164535871148
ep16584,-13.994164535871148
ep16585,-13.994164535871148
ep16586,-13.994164535871148
ep16587,38.41170416418801
ep16588,32.957730757419384
ep16589,39.80980218604849
ep16590,-13.994164535871148
ep16591,34.30073813880746
ep16592,30.311871915346735
ep16593,29.00875319619327
ep16594,30.311871915346735
ep16595,29.00875319619327
ep16596,-13.994164535871148
ep16597,-13.994164535871148
ep16598,-13.994164535871148
ep16599,35.65731125132067
ep16600,-13.994164535871148
ep16601,-13.994164535871148
ep16602,39.80980218604849
ep16603,29.00875319619327
ep16604,30.311871915346735
ep16605,34.30073813880746
ep16606,32.957730757419384
ep16607,31.628153449845186
ep16608,32.957730757419384
ep16609,30.311871915346735
ep16610,34.30073813880746
ep16611,-13.994164535871148
ep16612,-13.994164535871148
ep16613,32.957730757419384
ep16614,30.311871915346735
ep16615,35.65731125132067
ep16616,41.22202241015
ep16617,37.02758712254613
ep16618,30.311871915346735
ep16619,39.80980218604849
ep16620,30.311871915346735
ep16621,29.00875319619327
ep16622,31.628153449845186
ep16623,30.311871915346735
ep16624,-13.994164535871148
ep16625,-13.994164535871148
ep16626,38.41170416418801
ep16627,29.00875319619327
ep16628,-13.994164535871148
ep16629,-13.994164535871148
ep16630,-13.994164535871148
ep16631,35.65731125132067
ep16632,34.30073813880746
ep16633,37.02758712254613
ep16634,39.80980218604849
ep16635,30.311871915346735
ep16636,32.957730757419384
ep16637,37.02758712254613
ep16638,37.02758712254613
ep16639,-13.994164535871148
ep16640,-13.994164535871148
ep16641,32.957730757419384
ep16642,-13.994164535871148
ep16643,32.957730757419384
ep16644,29.00875319619327
ep16645,-13.994164535871148
ep16646,-13.994164535871148
ep16647,-13.994164535871148
ep16648,31.628153449845186
ep16649,29.00875319619327
ep16650,-13.994164535871148
ep16651,-13.994164535871148
ep16652,30.311871915346735
ep16653,-13.994164535871148
ep16654,-13.994164535871148
ep16655,-13.994164535871148
ep16656,37.02758712254613
ep16657,35.65731125132067
ep16658,29.00875319619327
ep16659,30.311871915346735
ep16660,-13.994164535871148
ep16661,-13.994164535871148
ep16662,-13.994164535871148
ep16663,37.02758712254613
ep16664,-13.994164535871148
ep16665,-13.994164535871148
ep16666,32.957730757419384
ep16667,29.00875319619327
ep16668,41.22202241015
ep16669,32.957730757419384
ep16670,-13.994164535871148
ep16671,-13.994164535871148
ep16672,-13.994164535871148
ep16673,-13.994164535871148
ep16674,-13.994164535871148
ep16675,30.311871915346735
ep16676,34.30073813880746
ep16677,-13.994164535871148
ep16678,31.628153449845186
ep16679,30.311871915346735
ep16680,37.02758712254613
ep16681,-13.994164535871148
ep16682,-13.994164535871148
ep16683,30.311871915346735
ep16684,29.00875319619327
ep16685,31.628153449845186
ep16686,34.30073813880746
ep16687,38.41170416418801
ep16688,-13.994164535871148
ep16689,37.02758712254613
ep16690,37.02758712254613
ep16691,-13.994164535871148
ep16692,37.02758712254613
ep16693,-13.994164535871148
ep16694,-13.994164535871148
ep16695,-13.994164535871148
ep16696,37.02758712254613
ep16697,34.30073813880746
ep16698,30.311871915346735
ep16699,32.957730757419384
ep16700,-13.994164535871148
ep16701,-13.994164535871148
ep16702,37.02758712254613
ep16703,-13.994164535871148
ep16704,-13.994164535871148
ep16705,-13.994164535871148
ep16706,-13.994164535871148
ep16707,31.628153449845186
ep16708,35.65731125132067
ep16709,41.22202241015
ep16710,-13.994164535871148
ep16711,-13.994164535871148
ep16712,41.22202241015
ep16713,35.65731125132067
ep16714,30.311871915346735
ep16715,37.02758712254613
ep16716,31.628153449845186
ep16717,30.311871915346735
ep16718,30.311871915346735
ep16719,-13.994164535871148
ep16720,30.311871915346735
ep16721,37.02758712254613
ep16722,-13.994164535871148
ep16723,29.00875319619327
ep16724,-13.994164535871148
ep16725,-13.994164535871148
ep16726,32.957730757419384
ep16727,-13.994164535871148
ep16728,-13.994164535871148
ep16729,29.00875319619327
ep16730,-13.994164535871148
ep16731,29.00875319619327
ep16732,-13.994164535871148
ep16733,29.00875319619327
ep16734,39.80980218604849
ep16735,34.30073813880746
ep16736,32.957730757419384
ep16737,30.311871915346735
ep16738,32.957730757419384
ep16739,38.41170416418801
ep16740,-13.994164535871148
ep16741,-13.994164535871148
ep16742,31.628153449845186
ep16743,-13.994164535871148
ep16744,35.65731125132067
ep16745,-13.994164535871148
ep16746,30.311871915346735
ep16747,-13.994164535871148
ep16748,-13.994164535871148
ep16749,-13.994164535871148
ep16750,-13.994164535871148
ep16751,31.628153449845186
ep16752,29.00875319619327
ep16753,-13.994164535871148
ep16754,41.22202241015
ep16755,29.00875319619327
ep16756,30.311871915346735
ep16757,30.311871915346735
ep16758,41.22202241015
ep16759,34.30073813880746
ep16760,-13.994164535871148
ep16761,-13.994164535871148
ep16762,-13.994164535871148
ep16763,-13.994164535871148
ep16764,30.311871915346735
ep16765,32.957730757419384
ep16766,41.22202241015
ep16767,38.41170416418801
ep16768,30.311871915346735
ep16769,30.311871915346735
ep16770,-13.994164535871148
ep16771,-13.994164535871148
ep16772,32.957730757419384
ep16773,-13.994164535871148
ep16774,-13.994164535871148
ep16775,34.30073813880746
ep16776,-13.994164535871148
ep16777,32.957730757419384
ep16778,-13.994164535871148
ep16779,34.30073813880746
ep16780,-13.994164535871148
ep16781,-13.994164535871148
ep16782,-13.994164535871148
ep16783,-13.994164535871148
ep16784,-13.994164535871148
ep16785,30.311871915346735
ep16786,34.30073813880746
ep16787,-13.994164535871148
ep16788,31.628153449845186
ep16789,32.957730757419384
ep16790,29.00875319619327
ep16791,-13.994164535871148
ep16792,-13.994164535871148
ep16793,-13.994164535871148
ep16794,-13.994164535871148
ep16795,30.311871915346735
ep16796,31.628153449845186
ep16797,-13.994164535871148
ep16798,-13.994164535871148
ep16799,-13.994164535871148
ep16800,31.628153449845186
ep16801,-13.994164535871148
ep16802,31.628153449845186
ep16803,34.30073813880746
ep16804,-13.994164535871148
ep16805,35.65731125132067
ep16806,39.80980218604849
ep16807,35.65731125132067
ep16808,32.957730757419384
ep16809,31.628153449845186
ep16810,37.02758712254613
ep16811,30.311871915346735
ep16812,31.628153449845186
ep16813,38.41170416418801
ep16814,-13.994164535871148
ep16815,-13.994164535871148
ep16816,-13.994164535871148
ep16817,32.957730757419384
ep16818,-13.994164535871148
ep16819,39.80980218604849
ep16820,32.957730757419384
ep16821,37.02758712254613
ep16822,41.22202241015
ep16823,35.65731125132067
ep16824,38.41170416418801
ep16825,38.41170416418801
ep16826,-13.994164535871148
ep16827,-13.994164535871148
ep16828,41.22202241015
ep16829,-13.994164535871148
ep16830,-13.994164535871148
ep16831,-13.994164535871148
ep16832,35.65731125132067
ep16833,32.957730757419384
ep16834,-13.994164535871148
ep16835,-13.994164535871148
ep16836,30.311871915346735
ep16837,-13.994164535871148
ep16838,-13.994164535871148
ep16839,32.957730757419384
ep16840,30.311871915346735
ep16841,-13.994164535871148
ep16842,-13.994164535871148
ep16843,-13.994164535871148
ep16844,-13.994164535871148
ep16845,-13.994164535871148
ep16846,41.22202241015
ep16847,41.22202241015
ep16848,30.311871915346735
ep16849,35.65731125132067
ep16850,35.65731125132067
ep16851,41.22202241015
ep16852,29.00875319619327
ep16853,-13.994164535871148
ep16854,-13.994164535871148
ep16855,41.22202241015
ep16856,39.80980218604849
ep16857,31.628153449845186
ep16858,29.00875319619327
ep16859,35.65731125132067
ep16860,30.311871915346735
ep16861,31.628153449845186
ep16862,30.311871915346735
ep16863,-13.994164535871148
ep16864,32.957730757419384
ep16865,-13.994164535871148
ep16866,41.22202241015
ep16867,29.00875319619327
ep16868,34.30073813880746
ep16869,32.957730757419384
ep16870,30.311871915346735
ep16871,-13.994164535871148
ep16872,-13.994164535871148
ep16873,30.311871915346735
ep16874,32.957730757419384
ep16875,31.628153449845186
ep16876,32.957730757419384
ep16877,34.30073813880746
ep16878,34.30073813880746
ep16879,-13.994164535871148
ep16880,38.41170416418801
ep16881,31.628153449845186
ep16882,39.80980218604849
ep16883,30.311871915346735
ep16884,-13.994164535871148
ep16885,-13.994164535871148
ep16886,31.628153449845186
ep16887,-13.994164535871148
ep16888,30.311871915346735
ep16889,34.30073813880746
ep16890,-13.994164535871148
ep16891,31.628153449845186
ep16892,37.02758712254613
ep16893,-13.994164535871148
ep16894,-13.994164535871148
ep16895,-13.994164535871148
ep16896,29.00875319619327
ep16897,30.311871915346735
ep16898,35.65731125132067
ep16899,-13.994164535871148
ep16900,-13.994164535871148
ep16901,-13.994164535871148
ep16902,31.628153449845186
ep16903,34.30073813880746
ep16904,29.00875319619327
ep16905,-13.994164535871148
ep16906,38.41170416418801
ep16907,39.80980218604849
ep16908,31.628153449845186
ep16909,39.80980218604849
ep16910,-13.994164535871148
ep16911,35.65731125132067
ep16912,-13.994164535871148
ep16913,-13.994164535871148
ep16914,-13.994164535871148
ep16915,-13.994164535871148
ep16916,31.628153449845186
ep16917,34.30073813880746
ep16918,30.311871915346735
ep16919,31.628153449845186
ep16920,29.00875319619327
ep16921,-13.994164535871148
ep16922,35.65731125132067
ep16923,-13.994164535871148
ep16924,32.957730757419384
ep16925,32.957730757419384
ep16926,30.311871915346735
ep16927,-13.994164535871148
ep16928,-13.994164535871148
ep16929,30.311871915346735
ep16930,35.65731125132067
ep16931,32.957730757419384
ep16932,31.628153449845186
ep16933,29.00875319619327
ep16934,30.311871915346735
ep16935,32.957730757419384
ep16936,-13.994164535871148
ep16937,32.957730757419384
ep16938,29.00875319619327
ep16939,-13.994164535871148
ep16940,-13.994164535871148
ep16941,34.30073813880746
ep16942,-13.994164535871148
ep16943,30.311871915346735
ep16944,-13.994164535871148
ep16945,-13.994164535871148
ep16946,-13.994164535871148
ep16947,-13.994164535871148
ep16948,34.30073813880746
ep16949,-13.994164535871148
ep16950,37.02758712254613
ep16951,37.02758712254613
ep16952,30.311871915346735
ep16953,-13.994164535871148
ep16954,-13.994164535871148
ep16955,-13.994164535871148
ep16956,-13.994164535871148
ep16957,-13.994164535871148
ep16958,-13.994164535871148
ep16959,-13.994164535871148
ep16960,30.311871915346735
ep16961,-13.994164535871148
ep16962,-13.994164535871148
ep16963,35.65731125132067
ep16964,32.957730757419384
ep16965,-13.994164535871148
ep16966,-13.994164535871148
ep16967,-13.994164535871148
ep16968,-13.994164535871148
ep16969,-13.994164535871148
ep16970,-13.994164535871148
ep16971,41.22202241015
ep16972,37.02758712254613
ep16973,35.65731125132067
ep16974,31.628153449845186
ep16975,-13.994164535871148
ep16976,-13.994164535871148
ep16977,-13.994164535871148
ep16978,31.628153449845186
ep16979,32.957730757419384
ep16980,37.02758712254613
ep16981,38.41170416418801
ep16982,-13.994164535871148
ep16983,-13.994164535871148
ep16984,32.957730757419384
ep16985,32.957730757419384
ep16986,32.957730757419384
ep16987,-13.994164535871148
ep16988,35.65731125132067
ep16989,31.628153449845186
ep16990,30.311871915346735
ep16991,-13.994164535871148
ep16992,32.957730757419384
ep16993,-13.994164535871148
ep16994,-13.994164535871148
ep16995,32.957730757419384
ep16996,29.00875319619327
ep16997,32.957730757419384
ep16998,-13.994164535871148
ep16999,35.65731125132067
ep17000,-13.994164535871148
ep17001,37.02758712254613
ep17002,-13.994164535871148
ep17003,-13.994164535871148
ep17004,-13.994164535871148
ep17005,29.00875319619327
ep17006,32.957730757419384
ep17007,34.30073813880746
ep17008,-13.994164535871148
ep17009,30.311871915346735
ep17010,-13.994164535871148
ep17011,-13.994164535871148
ep17012,-13.994164535871148
ep17013,29.00875319619327
ep17014,-13.994164535871148
ep17015,34.30073813880746
ep17016,29.00875319619327
ep17017,-13.994164535871148
ep17018,-13.994164535871148
ep17019,39.80980218604849
ep17020,-13.994164535871148
ep17021,31.628153449845186
ep17022,32.957730757419384
ep17023,31.628153449845186
ep17024,-13.994164535871148
ep17025,34.30073813880746
ep17026,-13.994164535871148
ep17027,-13.994164535871148
ep17028,-13.994164535871148
ep17029,-13.994164535871148
ep17030,34.30073813880746
ep17031,32.957730757419384
ep17032,-13.994164535871148
ep17033,32.957730757419384
ep17034,-13.994164535871148
ep17035,34.30073813880746
ep17036,35.65731125132067
ep17037,41.22202241015
ep17038,41.22202241015
ep17039,30.311871915346735
ep17040,-13.994164535871148
ep17041,31.628153449845186
ep17042,31.628153449845186
ep17043,34.30073813880746
ep17044,32.957730757419384
ep17045,-13.994164535871148
ep17046,29.00875319619327
ep17047,32.957730757419384
ep17048,-13.994164535871148
ep17049,30.311871915346735
ep17050,32.957730757419384
ep17051,38.41170416418801
ep17052,-13.994164535871148
ep17053,-13.994164535871148
ep17054,34.30073813880746
ep17055,-13.994164535871148
ep17056,38.41170416418801
ep17057,-13.994164535871148
ep17058,-13.994164535871148
ep17059,-13.994164535871148
ep17060,-13.994164535871148
ep17061,-13.994164535871148
ep17062,31.628153449845186
ep17063,30.311871915346735
ep17064,29.00875319619327
ep17065,-13.994164535871148
ep17066,-13.994164535871148
ep17067,37.02758712254613
ep17068,38.41170416418801
ep17069,30.311871915346735
ep17070,-13.994164535871148
ep17071,31.628153449845186
ep17072,35.65731125132067
ep17073,-13.994164535871148
ep17074,-13.994164535871148
ep17075,31.628153449845186
ep17076,37.02758712254613
ep17077,-13.994164535871148
ep17078,-13.994164535871148
ep17079,-13.994164535871148
ep17080,35.65731125132067
ep17081,41.22202241015
ep17082,34.30073813880746
ep17083,35.65731125132067
ep17084,35.65731125132067
ep17085,-13.994164535871148
ep17086,-13.994164535871148
ep17087,37.02758712254613
ep17088,41.22202241015
ep17089,32.957730757419384
ep17090,34.30073813880746
ep17091,-13.994164535871148
ep17092,31.628153449845186
ep17093,-13.994164535871148
ep17094,38.41170416418801
ep17095,32.957730757419384
ep17096,-13.994164535871148
ep17097,-13.994164535871148
ep17098,34.30073813880746
ep17099,-13.994164535871148
ep17100,32.957730757419384
ep17101,-13.994164535871148
ep17102,37.02758712254613
ep17103,-13.994164535871148
ep17104,-13.994164535871148
ep17105,34.30073813880746
ep17106,30.311871915346735
ep17107,34.30073813880746
ep17108,34.30073813880746
ep17109,41.22202241015
ep17110,-13.994164535871148
ep17111,35.65731125132067
ep17112,-13.994164535871148
ep17113,35.65731125132067
ep17114,-13.994164535871148
ep17115,31.628153449845186
ep17116,41.22202241015
ep17117,-13.994164535871148
ep17118,30.311871915346735
ep17119,39.80980218604849
ep17120,31.628153449845186
ep17121,-13.994164535871148
ep17122,-13.994164535871148
ep17123,32.957730757419384
ep17124,37.02758712254613
ep17125,-13.994164535871148
ep17126,-13.994164535871148
ep17127,29.00875319619327
ep17128,30.311871915346735
ep17129,-13.994164535871148
ep17130,30.311871915346735
ep17131,34.30073813880746
ep17132,34.30073813880746
ep17133,-13.994164535871148
ep17134,-13.994164535871148
ep17135,32.957730757419384
ep17136,-13.994164535871148
ep17137,32.957730757419384
ep17138,-13.994164535871148
ep17139,41.22202241015
ep17140,34.30073813880746
ep17141,-13.994164535871148
ep17142,-13.994164535871148
ep17143,34.30073813880746
ep17144,31.628153449845186
ep17145,30.311871915346735
ep17146,30.311871915346735
ep17147,35.65731125132067
ep17148,31.628153449845186
ep17149,34.30073813880746
ep17150,32.957730757419384
ep17151,-13.994164535871148
ep17152,38.41170416418801
ep17153,35.65731125132067
ep17154,-13.994164535871148
ep17155,-13.994164535871148
ep17156,39.80980218604849
ep17157,37.02758712254613
ep17158,34.30073813880746
ep17159,29.00875319619327
ep17160,-13.994164535871148
ep17161,41.22202241015
ep17162,-13.994164535871148
ep17163,-13.994164535871148
ep17164,-13.994164535871148
ep17165,34.30073813880746
ep17166,-13.994164535871148
ep17167,-13.994164535871148
ep17168,32.957730757419384
ep17169,35.65731125132067
ep17170,-13.994164535871148
ep17171,-13.994164535871148
ep17172,-13.994164535871148
ep17173,29.00875319619327
ep17174,31.628153449845186
ep17175,-13.994164535871148
ep17176,31.628153449845186
ep17177,-13.994164535871148
ep17178,-13.994164535871148
ep17179,31.628153449845186
ep17180,37.02758712254613
ep17181,32.957730757419384
ep17182,-13.994164535871148
ep17183,-13.994164535871148
ep17184,-13.994164535871148
ep17185,-13.994164535871148
ep17186,-13.994164535871148
ep17187,-13.994164535871148
ep17188,-13.994164535871148
ep17189,-13.994164535871148
ep17190,35.65731125132067
ep17191,-13.994164535871148
ep17192,-13.994164535871148
ep17193,-13.994164535871148
ep17194,-13.994164535871148
ep17195,-13.994164535871148
ep17196,39.80980218604849
ep17197,-13.994164535871148
ep17198,31.628153449845186
ep17199,38.41170416418801
ep17200,29.00875319619327
ep17201,32.957730757419384
ep17202,-13.994164535871148
ep17203,-13.994164535871148
ep17204,-13.994164535871148
ep17205,29.00875319619327
ep17206,-13.994164535871148
ep17207,32.957730757419384
ep17208,34.30073813880746
ep17209,37.02758712254613
ep17210,29.00875319619327
ep17211,39.80980218604849
ep17212,-13.994164535871148
ep17213,31.628153449845186
ep17214,31.628153449845186
ep17215,31.628153449845186
ep17216,-13.994164535871148
ep17217,35.65731125132067
ep17218,29.00875319619327
ep17219,32.957730757419384
ep17220,-13.994164535871148
ep17221,-13.994164535871148
ep17222,34.30073813880746
ep17223,30.311871915346735
ep17224,37.02758712254613
ep17225,32.957730757419384
ep17226,37.02758712254613
ep17227,34.30073813880746
ep17228,31.628153449845186
ep17229,-13.994164535871148
ep17230,-13.994164535871148
ep17231,-13.994164535871148
ep17232,38.41170416418801
ep17233,41.22202241015
ep17234,-13.994164535871148
ep17235,-13.994164535871148
ep17236,-13.994164535871148
ep17237,30.311871915346735
ep17238,-13.994164535871148
ep17239,29.00875319619327
ep17240,30.311871915346735
ep17241,37.02758712254613
ep17242,30.311871915346735
ep17243,31.628153449845186
ep17244,-13.994164535871148
ep17245,37.02758712254613
ep17246,32.957730757419384
ep17247,32.957730757419384
ep17248,-13.994164535871148
ep17249,29.00875319619327
ep17250,-13.994164535871148
ep17251,37.02758712254613
ep17252,-13.994164535871148
ep17253,38.41170416418801
ep17254,-13.994164535871148
ep17255,34.30073813880746
ep17256,-13.994164535871148
ep17257,-13.994164535871148
ep17258,37.02758712254613
ep17259,32.957730757419384
ep17260,-13.994164535871148
ep17261,37.02758712254613
ep17262,39.80980218604849
ep17263,39.80980218604849
ep17264,32.957730757419384
ep17265,29.00875319619327
ep17266,37.02758712254613
ep17267,-13.994164535871148
ep17268,-13.994164535871148
ep17269,-13.994164535871148
ep17270,30.311871915346735
ep17271,37.02758712254613
ep17272,32.957730757419384
ep17273,-13.994164535871148
ep17274,39.80980218604849
ep17275,32.957730757419384
ep17276,37.02758712254613
ep17277,-13.994164535871148
ep17278,32.957730757419384
ep17279,30.311871915346735
ep17280,38.41170416418801
ep17281,-13.994164535871148
ep17282,35.65731125132067
ep17283,41.22202241015
ep17284,31.628153449845186
ep17285,35.65731125132067
ep17286,-13.994164535871148
ep17287,-13.994164535871148
ep17288,-13.994164535871148
ep17289,32.957730757419384
ep17290,-13.994164535871148
ep17291,-13.994164535871148
ep17292,-13.994164535871148
ep17293,30.311871915346735
ep17294,37.02758712254613
ep17295,30.311871915346735
ep17296,-13.994164535871148
ep17297,37.02758712254613
ep17298,34.30073813880746
ep17299,-13.994164535871148
ep17300,-13.994164535871148
ep17301,31.628153449845186
ep17302,29.00875319619327
ep17303,-13.994164535871148
ep17304,-13.994164535871148
ep17305,29.00875319619327
ep17306,32.957730757419384
ep17307,-13.994164535871148
ep17308,35.65731125132067
ep17309,38.41170416418801
ep17310,31.628153449845186
ep17311,30.311871915346735
ep17312,-13.994164535871148
ep17313,35.65731125132067
ep17314,34.30073813880746
ep17315,31.628153449845186
ep17316,32.957730757419384
ep17317,32.957730757419384
ep17318,30.311871915346735
ep17319,35.65731125132067
ep17320,-13.994164535871148
ep17321,34.30073813880746
ep17322,-13.994164535871148
ep17323,29.00875319619327
ep17324,-13.994164535871148
ep17325,30.311871915346735
ep17326,37.02758712254613
ep17327,29.00875319619327
ep17328,-13.994164535871148
ep17329,30.311871915346735
ep17330,37.02758712254613
ep17331,-13.994164535871148
ep17332,39.80980218604849
ep17333,-13.994164535871148
ep17334,41.22202241015
ep17335,37.02758712254613
ep17336,39.80980218604849
ep17337,31.628153449845186
ep17338,-13.994164535871148
ep17339,31.628153449845186
ep17340,38.41170416418801
ep17341,31.628153449845186
ep17342,34.30073813880746
ep17343,37.02758712254613
ep17344,31.628153449845186
ep17345,-13.994164535871148
ep17346,-13.994164535871148
ep17347,39.80980218604849
ep17348,32.957730757419384
ep17349,32.957730757419384
ep17350,41.22202241015
ep17351,32.957730757419384
ep17352,-13.994164535871148
ep17353,35.65731125132067
ep17354,-13.994164535871148
ep17355,-13.994164535871148
ep17356,-13.994164535871148
ep17357,-13.994164535871148
ep17358,-13.994164535871148
ep17359,38.41170416418801
ep17360,-13.994164535871148
ep17361,39.80980218604849
ep17362,39.80980218604849
ep17363,34.30073813880746
ep17364,32.957730757419384
ep17365,30.311871915346735
ep17366,38.41170416418801
ep17367,30.311871915346735
ep17368,-13.994164535871148
ep17369,32.957730757419384
ep17370,-13.994164535871148
ep17371,29.00875319619327
ep17372,-13.994164535871148
ep17373,34.30073813880746
ep17374,41.22202241015
ep17375,-13.994164535871148
ep17376,-13.994164535871148
ep17377,30.311871915346735
ep17378,31.628153449845186
ep17379,-13.994164535871148
ep17380,-13.994164535871148
ep17381,35.65731125132067
ep17382,37.02758712254613
ep17383,-13.994164535871148
ep17384,30.311871915346735
ep17385,31.628153449845186
ep17386,29.00875319619327
ep17387,-13.994164535871148
ep17388,-13.994164535871148
ep17389,-13.994164535871148
ep17390,-13.994164535871148
ep17391,-13.994164535871148
ep17392,30.311871915346735
ep17393,41.22202241015
ep17394,30.311871915346735
ep17395,30.311871915346735
ep17396,-13.994164535871148
ep17397,30.311871915346735
ep17398,31.628153449845186
ep17399,30.311871915346735
ep17400,-13.994164535871148
ep17401,31.628153449845186
ep17402,37.02758712254613
ep17403,-13.994164535871148
ep17404,31.628153449845186
ep17405,-13.994164535871148
ep17406,-13.994164535871148
ep17407,37.02758712254613
ep17408,-13.994164535871148
ep17409,34.30073813880746
ep17410,-13.994164535871148
ep17411,-13.994164535871148
ep17412,-13.994164535871148
ep17413,32.957730757419384
ep17414,31.628153449845186
ep17415,-13.994164535871148
ep17416,35.65731125132067
ep17417,38.41170416418801
ep17418,-13.994164535871148
ep17419,41.22202241015
ep17420,37.02758712254613
ep17421,38.41170416418801
ep17422,-13.994164535871148
ep17423,31.628153449845186
ep17424,-13.994164535871148
ep17425,-13.994164535871148
ep17426,29.00875319619327
ep17427,-13.994164535871148
ep17428,29.00875319619327
ep17429,30.311871915346735
ep17430,-13.994164535871148
ep17431,41.22202241015
ep17432,38.41170416418801
ep17433,30.311871915346735
ep17434,31.628153449845186
ep17435,-13.994164535871148
ep17436,29.00875319619327
ep17437,29.00875319619327
ep17438,32.957730757419384
ep17439,41.22202241015
ep17440,-13.994164535871148
ep17441,-13.994164535871148
ep17442,30.311871915346735
ep17443,39.80980218604849
ep17444,34.30073813880746
ep17445,35.65731125132067
ep17446,31.628153449845186
ep17447,37.02758712254613
ep17448,37.02758712254613
ep17449,-13.994164535871148
ep17450,-13.994164535871148
ep17451,37.02758712254613
ep17452,32.957730757419384
ep17453,-13.994164535871148
ep17454,-13.994164535871148
ep17455,31.628153449845186
ep17456,38.41170416418801
ep17457,29.00875319619327
ep17458,34.30073813880746
ep17459,-13.994164535871148
ep17460,29.00875319619327
ep17461,34.30073813880746
ep17462,30.311871915346735
ep17463,-13.994164535871148
ep17464,30.311871915346735
ep17465,39.80980218604849
ep17466,35.65731125132067
ep17467,30.311871915346735
ep17468,-13.994164535871148
ep17469,-13.994164535871148
ep17470,39.80980218604849
ep17471,29.00875319619327
ep17472,30.311871915346735
ep17473,31.628153449845186
ep17474,32.957730757419384
ep17475,38.41170416418801
ep17476,34.30073813880746
ep17477,-13.994164535871148
ep17478,-13.994164535871148
ep17479,32.957730757419384
ep17480,37.02758712254613
ep17481,-13.994164535871148
ep17482,-13.994164535871148
ep17483,-13.994164535871148
ep17484,30.311871915346735
ep17485,30.311871915346735
ep17486,38.41170416418801
ep17487,41.22202241015
ep17488,-13.994164535871148
ep17489,-13.994164535871148
ep17490,-13.994164535871148
ep17491,30.311871915346735
ep17492,31.628153449845186
ep17493,34.30073813880746
ep17494,31.628153449845186
ep17495,39.80980218604849
ep17496,-13.994164535871148
ep17497,37.02758712254613
ep17498,31.628153449845186
ep17499,-13.994164535871148
ep17500,-13.994164535871148
ep17501,39.80980218604849
ep17502,-13.994164535871148
ep17503,41.22202241015
ep17504,30.311871915346735
ep17505,37.02758712254613
ep17506,34.30073813880746
ep17507,37.02758712254613
ep17508,38.41170416418801
ep17509,-13.994164535871148
ep17510,30.311871915346735
ep17511,-13.994164535871148
ep17512,-13.994164535871148
ep17513,29.00875319619327
ep17514,-13.994164535871148
ep17515,-13.994164535871148
ep17516,-13.994164535871148
ep17517,-13.994164535871148
ep17518,-13.994164535871148
ep17519,35.65731125132067
ep17520,-13.994164535871148
ep17521,30.311871915346735
ep17522,-13.994164535871148
ep17523,38.41170416418801
ep17524,-13.994164535871148
ep17525,-13.994164535871148
ep17526,39.80980218604849
ep17527,41.22202241015
ep17528,-13.994164535871148
ep17529,-13.994164535871148
ep17530,-13.994164535871148
ep17531,32.957730757419384
ep17532,-13.994164535871148
ep17533,-13.994164535871148
ep17534,32.957730757419384
ep17535,-13.994164535871148
ep17536,35.65731125132067
ep17537,31.628153449845186
ep17538,-13.994164535871148
ep17539,31.628153449845186
ep17540,41.22202241015
ep17541,31.628153449845186
ep17542,32.957730757419384
ep17543,34.30073813880746
ep17544,29.00875319619327
ep17545,-13.994164535871148
ep17546,-13.994164535871148
ep17547,30.311871915346735
ep17548,35.65731125132067
ep17549,-13.994164535871148
ep17550,32.957730757419384
ep17551,-13.994164535871148
ep17552,37.02758712254613
ep17553,-13.994164535871148
ep17554,-13.994164535871148
ep17555,-13.994164535871148
ep17556,-13.994164535871148
ep17557,-13.994164535871148
ep17558,32.957730757419384
ep17559,-13.994164535871148
ep17560,-13.994164535871148
ep17561,41.22202241015
ep17562,32.957730757419384
ep17563,30.311871915346735
ep17564,-13.994164535871148
ep17565,32.957730757419384
ep17566,-13.994164535871148
ep17567,-13.994164535871148
ep17568,-13.994164535871148
ep17569,-13.994164535871148
ep17570,37.02758712254613
ep17571,32.957730757419384
ep17572,34.30073813880746
ep17573,39.80980218604849
ep17574,32.957730757419384
ep17575,31.628153449845186
ep17576,-13.994164535871148
ep17577,41.22202241015
ep17578,-13.994164535871148
ep17579,37.02758712254613
ep17580,-13.994164535871148
ep17581,-13.994164535871148
ep17582,35.65731125132067
ep17583,34.30073813880746
ep17584,35.65731125132067
ep17585,30.311871915346735
ep17586,34.30073813880746
ep17587,32.957730757419384
ep17588,38.41170416418801
ep17589,-13.994164535871148
ep17590,-13.994164535871148
ep17591,32.957730757419384
ep17592,-13.994164535871148
ep17593,-13.994164535871148
ep17594,-13.994164535871148
ep17595,31.628153449845186
ep17596,35.65731125132067
ep17597,30.311871915346735
ep17598,39.80980218604849
ep17599,-13.994164535871148
ep17600,30.311871915346735
ep17601,34.30073813880746
ep17602,37.02758712254613
ep17603,-13.994164535871148
ep17604,-13.994164535871148
ep17605,-13.994164535871148
ep17606,-13.994164535871148
ep17607,34.30073813880746
ep17608,30.311871915346735
ep17609,34.30073813880746
ep17610,32.957730757419384
ep17611,34.30073813880746
ep17612,-13.994164535871148
ep17613,30.311871915346735
ep17614,32.957730757419384
ep17615,-13.994164535871148
ep17616,31.628153449845186
ep17617,37.02758712254613
ep17618,39.80980218604849
ep17619,-13.994164535871148
ep17620,39.80980218604849
ep17621,32.957730757419384
ep17622,31.628153449845186
ep17623,30.311871915346735
ep17624,-13.994164535871148
ep17625,29.00875319619327
ep17626,41.22202241015
ep17627,-13.994164535871148
ep17628,34.30073813880746
ep17629,30.311871915346735
ep17630,29.00875319619327
ep17631,34.30073813880746
ep17632,-13.994164535871148
ep17633,-13.994164535871148
ep17634,30.311871915346735
ep17635,41.22202241015
ep17636,32.957730757419384
ep17637,-13.994164535871148
ep17638,30.311871915346735
ep17639,-13.994164535871148
ep17640,-13.994164535871148
ep17641,-13.994164535871148
ep17642,-13.994164535871148
ep17643,-13.994164535871148
ep17644,38.41170416418801
ep17645,32.957730757419384
ep17646,-13.994164535871148
ep17647,34.30073813880746
ep17648,-13.994164535871148
ep17649,39.80980218604849
ep17650,30.311871915346735
ep17651,32.957730757419384
ep17652,-13.994164535871148
ep17653,-13.994164535871148
ep17654,32.957730757419384
ep17655,29.00875319619327
ep17656,-13.994164535871148
ep17657,-13.994164535871148
ep17658,-13.994164535871148
ep17659,-13.994164535871148
ep17660,35.65731125132067
ep17661,39.80980218604849
ep17662,-13.994164535871148
ep17663,-13.994164535871148
ep17664,30.311871915346735
ep17665,30.311871915346735
ep17666,32.957730757419384
ep17667,-13.994164535871148
ep17668,39.80980218604849
ep17669,38.41170416418801
ep17670,-13.994164535871148
ep17671,31.628153449845186
ep17672,-13.994164535871148
ep17673,-13.994164535871148
ep17674,-13.994164535871148
ep17675,-13.994164535871148
ep17676,34.30073813880746
ep17677,30.311871915346735
ep17678,-13.994164535871148
ep17679,30.311871915346735
ep17680,32.957730757419384
ep17681,-13.994164535871148
ep17682,30.311871915346735
ep17683,-13.994164535871148
ep17684,41.22202241015
ep17685,30.311871915346735
ep17686,-13.994164535871148
ep17687,-13.994164535871148
ep17688,-13.994164535871148
ep17689,32.957730757419384
ep17690,38.41170416418801
ep17691,-13.994164535871148
ep17692,30.311871915346735
ep17693,30.311871915346735
ep17694,34.30073813880746
ep17695,34.30073813880746
ep17696,34.30073813880746
ep17697,-13.994164535871148
ep17698,-13.994164535871148
ep17699,-13.994164535871148
ep17700,31.628153449845186
ep17701,31.628153449845186
ep17702,41.22202241015
ep17703,30.311871915346735
ep17704,-13.994164535871148
ep17705,32.957730757419384
ep17706,37.02758712254613
ep17707,-13.994164535871148
ep17708,32.957730757419384
ep17709,34.30073813880746
ep17710,-13.994164535871148
ep17711,35.65731125132067
ep17712,41.22202241015
ep17713,30.311871915346735
ep17714,39.80980218604849
ep17715,-13.994164535871148
ep17716,37.02758712254613
ep17717,-13.994164535871148
ep17718,30.311871915346735
ep17719,-13.994164535871148
ep17720,32.957730757419384
ep17721,-13.994164535871148
ep17722,31.628153449845186
ep17723,32.957730757419384
ep17724,31.628153449845186
ep17725,30.311871915346735
ep17726,30.311871915346735
ep17727,-13.994164535871148
ep17728,-13.994164535871148
ep17729,-13.994164535871148
ep17730,35.65731125132067
ep17731,37.02758712254613
ep17732,35.65731125132067
ep17733,-13.994164535871148
ep17734,35.65731125132067
ep17735,32.957730757419384
ep17736,-13.994164535871148
ep17737,38.41170416418801
ep17738,-13.994164535871148
ep17739,38.41170416418801
ep17740,41.22202241015
ep17741,-13.994164535871148
ep17742,-13.994164535871148
ep17743,-13.994164535871148
ep17744,34.30073813880746
ep17745,37.02758712254613
ep17746,30.311871915346735
ep17747,-13.994164535871148
ep17748,30.311871915346735
ep17749,-13.994164535871148
ep17750,-13.994164535871148
ep17751,31.628153449845186
ep17752,-13.994164535871148
ep17753,31.628153449845186
ep17754,32.957730757419384
ep17755,38.41170416418801
ep17756,-13.994164535871148
ep17757,30.311871915346735
ep17758,34.30073813880746
ep17759,34.30073813880746
ep17760,-13.994164535871148
ep17761,-13.994164535871148
ep17762,35.65731125132067
ep17763,34.30073813880746
ep17764,29.00875319619327
ep17765,31.628153449845186
ep17766,-13.994164535871148
ep17767,-13.994164535871148
ep17768,-13.994164535871148
ep17769,-13.994164535871148
ep17770,34.30073813880746
ep17771,30.311871915346735
ep17772,32.957730757419384
ep17773,31.628153449845186
ep17774,30.311871915346735
ep17775,37.02758712254613
ep17776,34.30073813880746
ep17777,38.41170416418801
ep17778,34.30073813880746
ep17779,-13.994164535871148
ep17780,37.02758712254613
ep17781,37.02758712254613
ep17782,29.00875319619327
ep17783,-13.994164535871148
ep17784,-13.994164535871148
ep17785,-13.994164535871148
ep17786,-13.994164535871148
ep17787,29.00875319619327
ep17788,-13.994164535871148
ep17789,32.957730757419384
ep17790,-13.994164535871148
ep17791,-13.994164535871148
ep17792,31.628153449845186
ep17793,30.311871915346735
ep17794,-13.994164535871148
ep17795,39.80980218604849
ep17796,-13.994164535871148
ep17797,32.957730757419384
ep17798,-13.994164535871148
ep17799,-13.994164535871148
ep17800,34.30073813880746
ep17801,-13.994164535871148
ep17802,34.30073813880746
ep17803,34.30073813880746
ep17804,32.957730757419384
ep17805,-13.994164535871148
ep17806,-13.994164535871148
ep17807,31.628153449845186
ep17808,29.00875319619327
ep17809,-13.994164535871148
ep17810,-13.994164535871148
ep17811,-13.994164535871148
ep17812,-13.994164535871148
ep17813,-13.994164535871148
ep17814,32.957730757419384
ep17815,39.80980218604849
ep17816,-13.994164535871148
ep17817,31.628153449845186
ep17818,-13.994164535871148
ep17819,-13.994164535871148
ep17820,-13.994164535871148
ep17821,-13.994164535871148
ep17822,37.02758712254613
ep17823,32.957730757419384
ep17824,32.957730757419384
ep17825,30.311871915346735
ep17826,30.311871915346735
ep17827,30.311871915346735
ep17828,-13.994164535871148
ep17829,37.02758712254613
ep17830,38.41170416418801
ep17831,-13.994164535871148
ep17832,-13.994164535871148
ep17833,29.00875319619327
ep17834,39.80980218604849
ep17835,32.957730757419384
ep17836,-13.994164535871148
ep17837,37.02758712254613
ep17838,32.957730757419384
ep17839,29.00875319619327
ep17840,-13.994164535871148
ep17841,39.80980218604849
ep17842,-13.994164535871148
ep17843,38.41170416418801
ep17844,32.957730757419384
ep17845,34.30073813880746
ep17846,39.80980218604849
ep17847,-13.994164535871148
ep17848,-13.994164535871148
ep17849,-13.994164535871148
ep17850,31.628153449845186
ep17851,-13.994164535871148
ep17852,29.00875319619327
ep17853,-13.994164535871148
ep17854,-13.994164535871148
ep17855,37.02758712254613
ep17856,-13.994164535871148
ep17857,34.30073813880746
ep17858,-13.994164535871148
ep17859,31.628153449845186
ep17860,32.957730757419384
ep17861,29.00875319619327
ep17862,34.30073813880746
ep17863,-13.994164535871148
ep17864,37.02758712254613
ep17865,34.30073813880746
ep17866,-13.994164535871148
ep17867,-13.994164535871148
ep17868,34.30073813880746
ep17869,37.02758712254613
ep17870,-13.994164535871148
ep17871,29.00875319619327
ep17872,-13.994164535871148
ep17873,-13.994164535871148
ep17874,-13.994164535871148
ep17875,32.957730757419384
ep17876,-13.994164535871148
ep17877,-13.994164535871148
ep17878,-13.994164535871148
ep17879,-13.994164535871148
ep17880,32.957730757419384
ep17881,-13.994164535871148
ep17882,34.30073813880746
ep17883,38.41170416418801
ep17884,39.80980218604849
ep17885,32.957730757419384
ep17886,-13.994164535871148
ep17887,-13.994164535871148
ep17888,-13.994164535871148
ep17889,-13.994164535871148
ep17890,38.41170416418801
ep17891,32.957730757419384
ep17892,34.30073813880746
ep17893,35.65731125132067
ep17894,-13.994164535871148
ep17895,32.957730757419384
ep17896,-13.994164535871148
ep17897,38.41170416418801
ep17898,35.65731125132067
ep17899,-13.994164535871148
ep17900,-13.994164535871148
ep17901,34.30073813880746
ep17902,-13.994164535871148
ep17903,30.311871915346735
ep17904,-13.994164535871148
ep17905,32.957730757419384
ep17906,-13.994164535871148
ep17907,-13.994164535871148
ep17908,31.628153449845186
ep17909,39.80980218604849
ep17910,34.30073813880746
ep17911,35.65731125132067
ep17912,-13.994164535871148
ep17913,-13.994164535871148
ep17914,-13.994164535871148
ep17915,-13.994164535871148
ep17916,31.628153449845186
ep17917,34.30073813880746
ep17918,32.957730757419384
ep17919,38.41170416418801
ep17920,38.41170416418801
ep17921,35.65731125132067
ep17922,37.02758712254613
ep17923,-13.994164535871148
ep17924,-13.994164535871148
ep17925,39.80980218604849
ep17926,-13.994164535871148
ep17927,34.30073813880746
ep17928,-13.994164535871148
ep17929,29.00875319619327
ep17930,38.41170416418801
ep17931,-13.994164535871148
ep17932,-13.994164535871148
ep17933,30.311871915346735
ep17934,37.02758712254613
ep17935,-13.994164535871148
ep17936,-13.994164535871148
ep17937,29.00875319619327
ep17938,30.311871915346735
ep17939,-13.994164535871148
ep17940,34.30073813880746
ep17941,35.65731125132067
ep17942,35.65731125132067
ep17943,-13.994164535871148
ep17944,32.957730757419384
ep17945,30.311871915346735
ep17946,-13.994164535871148
ep17947,29.00875319619327
ep17948,30.311871915346735
ep17949,30.311871915346735
ep17950,31.628153449845186
ep17951,-13.994164535871148
ep17952,30.311871915346735
ep17953,41.22202241015
ep17954,34.30073813880746
ep17955,-13.994164535871148
ep17956,41.22202241015
ep17957,-13.994164535871148
ep17958,37.02758712254613
ep17959,-13.994164535871148
ep17960,-13.994164535871148
ep17961,34.30073813880746
ep17962,-13.994164535871148
ep17963,39.80980218604849
ep17964,29.00875319619327
ep17965,30.311871915346735
ep17966,-13.994164535871148
ep17967,-13.994164535871148
ep17968,34.30073813880746
ep17969,34.30073813880746
ep17970,31.628153449845186
ep17971,34.30073813880746
ep17972,-13.994164535871148
ep17973,30.311871915346735
ep17974,-13.994164535871148
ep17975,-13.994164535871148
ep17976,34.30073813880746
ep17977,35.65731125132067
ep17978,39.80980218604849
ep17979,-13.994164535871148
ep17980,30.311871915346735
ep17981,-13.994164535871148
ep17982,-13.994164535871148
ep17983,34.30073813880746
ep17984,35.65731125132067
ep17985,30.311871915346735
ep17986,-13.994164535871148
ep17987,-13.994164535871148
ep17988,34.30073813880746
ep17989,-13.994164535871148
ep17990,-13.994164535871148
ep17991,-13.994164535871148
ep17992,31.628153449845186
ep17993,-13.994164535871148
ep17994,34.30073813880746
ep17995,31.628153449845186
ep17996,-13.994164535871148
ep17997,35.65731125132067
ep17998,41.22202241015
ep17999,30.311871915346735
ep18000,-13.994164535871148
ep18001,34.30073813880746
ep18002,39.80980218604849
ep18003,32.957730757419384
ep18004,31.628153449845186
ep18005,-13.994164535871148
ep18006,39.80980218604849
ep18007,31.628153449845186
ep18008,-13.994164535871148
ep18009,-13.994164535871148
ep18010,41.22202241015
ep18011,-13.994164535871148
ep18012,32.957730757419384
ep18013,-13.994164535871148
ep18014,30.311871915346735
ep18015,-13.994164535871148
ep18016,34.30073813880746
ep18017,-13.994164535871148
ep18018,34.30073813880746
ep18019,-13.994164535871148
ep18020,32.957730757419384
ep18021,-13.994164535871148
ep18022,-13.994164535871148
ep18023,34.30073813880746
ep18024,-13.994164535871148
ep18025,38.41170416418801
ep18026,37.02758712254613
ep18027,29.00875319619327
ep18028,38.41170416418801
ep18029,-13.994164535871148
ep18030,30.311871915346735
ep18031,34.30073813880746
ep18032,41.22202241015
ep18033,30.311871915346735
ep18034,31.628153449845186
ep18035,-13.994164535871148
ep18036,-13.994164535871148
ep18037,30.311871915346735
ep18038,35.65731125132067
ep18039,35.65731125132067
ep18040,35.65731125132067
ep18041,30.311871915346735
ep18042,32.957730757419384
ep18043,-13.994164535871148
ep18044,-13.994164535871148
ep18045,37.02758712254613
ep18046,-13.994164535871148
ep18047,-13.994164535871148
ep18048,-13.994164535871148
ep18049,-13.994164535871148
ep18050,38.41170416418801
ep18051,-13.994164535871148
ep18052,-13.994164535871148
ep18053,39.80980218604849
ep18054,-13.994164535871148
ep18055,-13.994164535871148
ep18056,-13.994164535871148
ep18057,37.02758712254613
ep18058,-13.994164535871148
ep18059,-13.994164535871148
ep18060,-13.994164535871148
ep18061,-13.994164535871148
ep18062,34.30073813880746
ep18063,30.311871915346735
ep18064,-13.994164535871148
ep18065,37.02758712254613
ep18066,32.957730757419384
ep18067,-13.994164535871148
ep18068,32.957730757419384
ep18069,-13.994164535871148
ep18070,31.628153449845186
ep18071,38.41170416418801
ep18072,-13.994164535871148
ep18073,-13.994164535871148
ep18074,29.00875319619327
ep18075,37.02758712254613
ep18076,30.311871915346735
ep18077,-13.994164535871148
ep18078,-13.994164535871148
ep18079,37.02758712254613
ep18080,35.65731125132067
ep18081,-13.994164535871148
ep18082,-13.994164535871148
ep18083,32.957730757419384
ep18084,34.30073813880746
ep18085,32.957730757419384
ep18086,32.957730757419384
ep18087,37.02758712254613
ep18088,-13.994164535871148
ep18089,30.311871915346735
ep18090,-13.994164535871148
ep18091,-13.994164535871148
ep18092,-13.994164535871148
ep18093,-13.994164535871148
ep18094,31.628153449845186
ep18095,41.22202241015
ep18096,34.30073813880746
ep18097,30.311871915346735
ep18098,37.02758712254613
ep18099,39.80980218604849
ep18100,-13.994164535871148
ep18101,-13.994164535871148
ep18102,38.41170416418801
ep18103,-13.994164535871148
ep18104,-13.994164535871148
ep18105,-13.994164535871148
ep18106,39.80980218604849
ep18107,32.957730757419384
ep18108,34.30073813880746
ep18109,35.65731125132067
ep18110,-13.994164535871148
ep18111,30.311871915346735
ep18112,-13.994164535871148
ep18113,-13.994164535871148
ep18114,31.628153449845186
ep18115,38.41170416418801
ep18116,-13.994164535871148
ep18117,-13.994164535871148
ep18118,35.65731125132067
ep18119,30.311871915346735
ep18120,-13.994164535871148
ep18121,32.957730757419384
ep18122,-13.994164535871148
ep18123,30.311871915346735
ep18124,41.22202241015
ep18125,-13.994164535871148
ep18126,-13.994164535871148
ep18127,32.957730757419384
ep18128,-13.994164535871148
ep18129,-13.994164535871148
ep18130,31.628153449845186
ep18131,-13.994164535871148
ep18132,34.30073813880746
ep18133,-13.994164535871148
ep18134,29.00875319619327
ep18135,32.957730757419384
ep18136,32.957730757419384
ep18137,34.30073813880746
ep18138,32.957730757419384
ep18139,37.02758712254613
ep18140,-13.994164535871148
ep18141,-13.994164535871148
ep18142,-13.994164535871148
ep18143,-13.994164535871148
ep18144,-13.994164535871148
ep18145,38.41170416418801
ep18146,-13.994164535871148
ep18147,32.957730757419384
ep18148,-13.994164535871148
ep18149,34.30073813880746
ep18150,37.02758712254613
ep18151,-13.994164535871148
ep18152,-13.994164535871148
ep18153,37.02758712254613
ep18154,35.65731125132067
ep18155,32.957730757419384
ep18156,-13.994164535871148
ep18157,34.30073813880746
ep18158,-13.994164535871148
ep18159,30.311871915346735
ep18160,32.957730757419384
ep18161,-13.994164535871148
ep18162,37.02758712254613
ep18163,-13.994164535871148
ep18164,32.957730757419384
ep18165,39.80980218604849
ep18166,29.00875319619327
ep18167,-13.994164535871148
ep18168,37.02758712254613
ep18169,32.957730757419384
ep18170,-13.994164535871148
ep18171,-13.994164535871148
ep18172,-13.994164535871148
ep18173,34.30073813880746
ep18174,37.02758712254613
ep18175,41.22202241015
ep18176,37.02758712254613
ep18177,-13.994164535871148
ep18178,32.957730757419384
ep18179,32.957730757419384
ep18180,37.02758712254613
ep18181,31.628153449845186
ep18182,-13.994164535871148
ep18183,35.65731125132067
ep18184,38.41170416418801
ep18185,-13.994164535871148
ep18186,39.80980218604849
ep18187,32.957730757419384
ep18188,-13.994164535871148
ep18189,-13.994164535871148
ep18190,-13.994164535871148
ep18191,30.311871915346735
ep18192,-13.994164535871148
ep18193,37.02758712254613
ep18194,31.628153449845186
ep18195,-13.994164535871148
ep18196,34.30073813880746
ep18197,-13.994164535871148
ep18198,29.00875319619327
ep18199,-13.994164535871148
ep18200,41.22202241015
ep18201,31.628153449845186
ep18202,-13.994164535871148
ep18203,34.30073813880746
ep18204,-13.994164535871148
ep18205,29.00875319619327
ep18206,32.957730757419384
ep18207,29.00875319619327
ep18208,32.957730757419384
ep18209,30.311871915346735
ep18210,38.41170416418801
ep18211,29.00875319619327
ep18212,30.311871915346735
ep18213,30.311871915346735
ep18214,29.00875319619327
ep18215,-13.994164535871148
ep18216,-13.994164535871148
ep18217,-13.994164535871148
ep18218,-13.994164535871148
ep18219,29.00875319619327
ep18220,32.957730757419384
ep18221,41.22202241015
ep18222,31.628153449845186
ep18223,30.311871915346735
ep18224,37.02758712254613
ep18225,30.311871915346735
ep18226,30.311871915346735
ep18227,-13.994164535871148
ep18228,31.628153449845186
ep18229,41.22202241015
ep18230,30.311871915346735
ep18231,-13.994164535871148
ep18232,-13.994164535871148
ep18233,34.30073813880746
ep18234,35.65731125132067
ep18235,30.311871915346735
ep18236,-13.994164535871148
ep18237,30.311871915346735
ep18238,-13.994164535871148
ep18239,-13.994164535871148
ep18240,32.957730757419384
ep18241,-13.994164535871148
ep18242,30.311871915346735
ep18243,32.957730757419384
ep18244,-13.994164535871148
ep18245,35.65731125132067
ep18246,-13.994164535871148
ep18247,-13.994164535871148
ep18248,-13.994164535871148
ep18249,30.311871915346735
ep18250,32.957730757419384
ep18251,30.311871915346735
ep18252,32.957730757419384
ep18253,-13.994164535871148
ep18254,38.41170416418801
ep18255,-13.994164535871148
ep18256,-13.994164535871148
ep18257,-13.994164535871148
ep18258,39.80980218604849
ep18259,34.30073813880746
ep18260,-13.994164535871148
ep18261,-13.994164535871148
ep18262,-13.994164535871148
ep18263,-13.994164535871148
ep18264,-13.994164535871148
ep18265,32.957730757419384
ep18266,38.41170416418801
ep18267,41.22202241015
ep18268,29.00875319619327
ep18269,30.311871915346735
ep18270,-13.994164535871148
ep18271,-13.994164535871148
ep18272,34.30073813880746
ep18273,35.65731125132067
ep18274,29.00875319619327
ep18275,-13.994164535871148
ep18276,32.957730757419384
ep18277,-13.994164535871148
ep18278,35.65731125132067
ep18279,30.311871915346735
ep18280,34.30073813880746
ep18281,41.22202241015
ep18282,37.02758712254613
ep18283,29.00875319619327
ep18284,34.30073813880746
ep18285,-13.994164535871148
ep18286,41.22202241015
ep18287,37.02758712254613
ep18288,-13.994164535871148
ep18289,41.22202241015
ep18290,-13.994164535871148
ep18291,-13.994164535871148
ep18292,-13.994164535871148
ep18293,34.30073813880746
ep18294,39.80980218604849
ep18295,-13.994164535871148
ep18296,-13.994164535871148
ep18297,-13.994164535871148
ep18298,-13.994164535871148
ep18299,41.22202241015
ep18300,-13.994164535871148
ep18301,-13.994164535871148
ep18302,34.30073813880746
ep18303,-13.994164535871148
ep18304,-13.994164535871148
ep18305,-13.994164535871148
ep18306,-13.994164535871148
ep18307,37.02758712254613
ep18308,31.628153449845186
ep18309,-13.994164535871148
ep18310,37.02758712254613
ep18311,-13.994164535871148
ep18312,32.957730757419384
ep18313,-13.994164535871148
ep18314,37.02758712254613
ep18315,-13.994164535871148
ep18316,31.628153449845186
ep18317,38.41170416418801
ep18318,37.02758712254613
ep18319,31.628153449845186
ep18320,34.30073813880746
ep18321,30.311871915346735
ep18322,41.22202241015
ep18323,-13.994164535871148
ep18324,-13.994164535871148
ep18325,-13.994164535871148
ep18326,-13.994164535871148
ep18327,30.311871915346735
ep18328,-13.994164535871148
ep18329,39.80980218604849
ep18330,32.957730757419384
ep18331,38.41170416418801
ep18332,-13.994164535871148
ep18333,30.311871915346735
ep18334,-13.994164535871148
ep18335,34.30073813880746
ep18336,32.957730757419384
ep18337,-13.994164535871148
ep18338,32.957730757419384
ep18339,38.41170416418801
ep18340,32.957730757419384
ep18341,31.628153449845186
ep18342,31.628153449845186
ep18343,30.311871915346735
ep18344,41.22202241015
ep18345,32.957730757419384
ep18346,41.22202241015
ep18347,41.22202241015
ep18348,-13.994164535871148
ep18349,30.311871915346735
ep18350,38.41170416418801
ep18351,30.311871915346735
ep18352,-13.994164535871148
ep18353,37.02758712254613
ep18354,-13.994164535871148
ep18355,-13.994164535871148
ep18356,29.00875319619327
ep18357,-13.994164535871148
ep18358,31.628153449845186
ep18359,37.02758712254613
ep18360,32.957730757419384
ep18361,-13.994164535871148
ep18362,-13.994164535871148
ep18363,38.41170416418801
ep18364,-13.994164535871148
ep18365,-13.994164535871148
ep18366,32.957730757419384
ep18367,38.41170416418801
ep18368,-13.994164535871148
ep18369,37.02758712254613
ep18370,32.957730757419384
ep18371,34.30073813880746
ep18372,-13.994164535871148
ep18373,31.628153449845186
ep18374,-13.994164535871148
ep18375,-13.994164535871148
ep18376,32.957730757419384
ep18377,-13.994164535871148
ep18378,-13.994164535871148
ep18379,29.00875319619327
ep18380,-13.994164535871148
ep18381,-13.994164535871148
ep18382,38.41170416418801
ep18383,37.02758712254613
ep18384,34.30073813880746
ep18385,30.311871915346735
ep18386,-13.994164535871148
ep18387,-13.994164535871148
ep18388,30.311871915346735
ep18389,35.65731125132067
ep18390,-13.994164535871148
ep18391,-13.994164535871148
ep18392,-13.994164535871148
ep18393,38.41170416418801
ep18394,34.30073813880746
ep18395,34.30073813880746
ep18396,-13.994164535871148
ep18397,-13.994164535871148
ep18398,35.65731125132067
ep18399,41.22202241015
ep18400,30.311871915346735
ep18401,35.65731125132067
ep18402,-13.994164535871148
ep18403,-13.994164535871148
ep18404,32.957730757419384
ep18405,30.311871915346735
ep18406,-13.994164535871148
ep18407,30.311871915346735
ep18408,29.00875319619327
ep18409,30.311871915346735
ep18410,-13.994164535871148
ep18411,35.65731125132067
ep18412,-13.994164535871148
ep18413,-13.994164535871148
ep18414,-13.994164535871148
ep18415,-13.994164535871148
ep18416,34.30073813880746
ep18417,-13.994164535871148
ep18418,-13.994164535871148
ep18419,-13.994164535871148
ep18420,34.30073813880746
ep18421,37.02758712254613
ep18422,-13.994164535871148
ep18423,-13.994164535871148
ep18424,38.41170416418801
ep18425,-13.994164535871148
ep18426,37.02758712254613
ep18427,-13.994164535871148
ep18428,-13.994164535871148
ep18429,38.41170416418801
ep18430,-13.994164535871148
ep18431,-13.994164535871148
ep18432,-13.994164535871148
ep18433,29.00875319619327
ep18434,35.65731125132067
ep18435,38.41170416418801
ep18436,35.65731125132067
ep18437,-13.994164535871148
ep18438,32.957730757419384
ep18439,38.41170416418801
ep18440,-13.994164535871148
ep18441,31.628153449845186
ep18442,35.65731125132067
ep18443,37.02758712254613
ep18444,38.41170416418801
ep18445,-13.994164535871148
ep18446,35.65731125132067
ep18447,-13.994164535871148
ep18448,38.41170416418801
ep18449,30.311871915346735
ep18450,37.02758712254613
ep18451,41.22202241015
ep18452,-13.994164535871148
ep18453,-13.994164535871148
ep18454,39.80980218604849
ep18455,35.65731125132067
ep18456,31.628153449845186
ep18457,30.311871915346735
ep18458,32.957730757419384
ep18459,41.22202241015
ep18460,-13.994164535871148
ep18461,-13.994164535871148
ep18462,34.30073813880746
ep18463,-13.994164535871148
ep18464,-13.994164535871148
ep18465,30.311871915346735
ep18466,34.30073813880746
ep18467,-13.994164535871148
ep18468,31.628153449845186
ep18469,37.02758712254613
ep18470,38.41170416418801
ep18471,-13.994164535871148
ep18472,30.311871915346735
ep18473,32.957730757419384
ep18474,32.957730757419384
ep18475,-13.994164535871148
ep18476,-13.994164535871148
ep18477,-13.994164535871148
ep18478,32.957730757419384
ep18479,38.41170416418801
ep18480,-13.994164535871148
ep18481,32.957730757419384
ep18482,-13.994164535871148
ep18483,32.957730757419384
ep18484,34.30073813880746
ep18485,-13.994164535871148
ep18486,-13.994164535871148
ep18487,-13.994164535871148
ep18488,30.311871915346735
ep18489,-13.994164535871148
ep18490,-13.994164535871148
ep18491,30.311871915346735
ep18492,31.628153449845186
ep18493,-13.994164535871148
ep18494,32.957730757419384
ep18495,-13.994164535871148
ep18496,37.02758712254613
ep18497,32.957730757419384
ep18498,35.65731125132067
ep18499,-13.994164535871148
ep18500,32.957730757419384
ep18501,34.30073813880746
ep18502,31.628153449845186
ep18503,30.311871915346735
ep18504,-13.994164535871148
ep18505,38.41170416418801
ep18506,-13.994164535871148
ep18507,30.311871915346735
ep18508,37.02758712254613
ep18509,31.628153449845186
ep18510,-13.994164535871148
ep18511,39.80980218604849
ep18512,30.311871915346735
ep18513,-13.994164535871148
ep18514,-13.994164535871148
ep18515,-13.994164535871148
ep18516,30.311871915346735
ep18517,30.311871915346735
ep18518,29.00875319619327
ep18519,37.02758712254613
ep18520,-13.994164535871148
ep18521,-13.994164535871148
ep18522,30.311871915346735
ep18523,30.311871915346735
ep18524,41.22202241015
ep18525,30.311871915346735
ep18526,30.311871915346735
ep18527,-13.994164535871148
ep18528,41.22202241015
ep18529,31.628153449845186
ep18530,32.957730757419384
ep18531,37.02758712254613
ep18532,-13.994164535871148
ep18533,-13.994164535871148
ep18534,32.957730757419384
ep18535,38.41170416418801
ep18536,-13.994164535871148
ep18537,-13.994164535871148
ep18538,32.957730757419384
ep18539,30.311871915346735
ep18540,30.311871915346735
ep18541,30.311871915346735
ep18542,-13.994164535871148
ep18543,-13.994164535871148
ep18544,-13.994164535871148
ep18545,38.41170416418801
ep18546,30.311871915346735
ep18547,-13.994164535871148
ep18548,39.80980218604849
ep18549,-13.994164535871148
ep18550,30.311871915346735
ep18551,-13.994164535871148
ep18552,-13.994164535871148
ep18553,30.311871915346735
ep18554,39.80980218604849
ep18555,-13.994164535871148
ep18556,32.957730757419384
ep18557,30.311871915346735
ep18558,-13.994164535871148
ep18559,32.957730757419384
ep18560,32.957730757419384
ep18561,29.00875319619327
ep18562,35.65731125132067
ep18563,-13.994164535871148
ep18564,-13.994164535871148
ep18565,39.80980218604849
ep18566,32.957730757419384
ep18567,-13.994164535871148
ep18568,30.311871915346735
ep18569,-13.994164535871148
ep18570,-13.994164535871148
ep18571,32.957730757419384
ep18572,-13.994164535871148
ep18573,-13.994164535871148
ep18574,30.311871915346735
ep18575,30.311871915346735
ep18576,32.957730757419384
ep18577,-13.994164535871148
ep18578,-13.994164535871148
ep18579,32.957730757419384
ep18580,30.311871915346735
ep18581,32.957730757419384
ep18582,-13.994164535871148
ep18583,29.00875319619327
ep18584,-13.994164535871148
ep18585,35.65731125132067
ep18586,-13.994164535871148
ep18587,32.957730757419384
ep18588,37.02758712254613
ep18589,-13.994164535871148
ep18590,31.628153449845186
ep18591,-13.994164535871148
ep18592,37.02758712254613
ep18593,-13.994164535871148
ep18594,30.311871915346735
ep18595,41.22202241015
ep18596,37.02758712254613
ep18597,-13.994164535871148
ep18598,-13.994164535871148
ep18599,30.311871915346735
ep18600,34.30073813880746
ep18601,-13.994164535871148
ep18602,-13.994164535871148
ep18603,-13.994164535871148
ep18604,37.02758712254613
ep18605,-13.994164535871148
ep18606,-13.994164535871148
ep18607,34.30073813880746
ep18608,-13.994164535871148
ep18609,-13.994164535871148
ep18610,41.22202241015
ep18611,31.628153449845186
ep18612,30.311871915346735
ep18613,-13.994164535871148
ep18614,-13.994164535871148
ep18615,37.02758712254613
ep18616,38.41170416418801
ep18617,-13.994164535871148
ep18618,-13.994164535871148
ep18619,32.957730757419384
ep18620,-13.994164535871148
ep18621,-13.994164535871148
ep18622,34.30073813880746
ep18623,-13.994164535871148
ep18624,35.65731125132067
ep18625,-13.994164535871148
ep18626,34.30073813880746
ep18627,-13.994164535871148
ep18628,32.957730757419384
ep18629,34.30073813880746
ep18630,-13.994164535871148
ep18631,-13.994164535871148
ep18632,-13.994164535871148
ep18633,-13.994164535871148
ep18634,37.02758712254613
ep18635,-13.994164535871148
ep18636,-13.994164535871148
ep18637,32.957730757419384
ep18638,32.957730757419384
ep18639,-13.994164535871148
ep18640,30.311871915346735
ep18641,-13.994164535871148
ep18642,32.957730757419384
ep18643,31.628153449845186
ep18644,32.957730757419384
ep18645,37.02758712254613
ep18646,30.311871915346735
ep18647,-13.994164535871148
ep18648,30.311871915346735
ep18649,-13.994164535871148
ep18650,-13.994164535871148
ep18651,31.628153449845186
ep18652,37.02758712254613
ep18653,-13.994164535871148
ep18654,-13.994164535871148
ep18655,37.02758712254613
ep18656,34.30073813880746
ep18657,31.628153449845186
ep18658,-13.994164535871148
ep18659,30.311871915346735
ep18660,-13.994164535871148
ep18661,31.628153449845186
ep18662,30.311871915346735
ep18663,-13.994164535871148
ep18664,31.628153449845186
ep18665,34.30073813880746
ep18666,32.957730757419384
ep18667,-13.994164535871148
ep18668,-13.994164535871148
ep18669,31.628153449845186
ep18670,32.957730757419384
ep18671,-13.994164535871148
ep18672,32.957730757419384
ep18673,32.957730757419384
ep18674,31.628153449845186
ep18675,34.30073813880746
ep18676,31.628153449845186
ep18677,32.957730757419384
ep18678,-13.994164535871148
ep18679,37.02758712254613
ep18680,-13.994164535871148
ep18681,30.311871915346735
ep18682,32.957730757419384
ep18683,32.957730757419384
ep18684,-13.994164535871148
ep18685,-13.994164535871148
ep18686,31.628153449845186
ep18687,-13.994164535871148
ep18688,-13.994164535871148
ep18689,-13.994164535871148
ep18690,37.02758712254613
ep18691,32.957730757419384
ep18692,38.41170416418801
ep18693,-13.994164535871148
ep18694,31.628153449845186
ep18695,-13.994164535871148
ep18696,-13.994164535871148
ep18697,39.80980218604849
ep18698,35.65731125132067
ep18699,34.30073813880746
ep18700,-13.994164535871148
ep18701,31.628153449845186
ep18702,35.65731125132067
ep18703,-13.994164535871148
ep18704,-13.994164535871148
ep18705,30.311871915346735
ep18706,-13.994164535871148
ep18707,34.30073813880746
ep18708,-13.994164535871148
ep18709,29.00875319619327
ep18710,32.957730757419384
ep18711,39.80980218604849
ep18712,-13.994164535871148
ep18713,41.22202241015
ep18714,30.311871915346735
ep18715,30.311871915346735
ep18716,-13.994164535871148
ep18717,-13.994164535871148
ep18718,31.628153449845186
ep18719,-13.994164535871148
ep18720,-13.994164535871148
ep18721,38.41170416418801
ep18722,-13.994164535871148
ep18723,-13.994164535871148
ep18724,30.311871915346735
ep18725,-13.994164535871148
ep18726,34.30073813880746
ep18727,31.628153449845186
ep18728,37.02758712254613
ep18729,30.311871915346735
ep18730,-13.994164535871148
ep18731,-13.994164535871148
ep18732,31.628153449845186
ep18733,-13.994164535871148
ep18734,34.30073813880746
ep18735,35.65731125132067
ep18736,32.957730757419384
ep18737,-13.994164535871148
ep18738,37.02758712254613
ep18739,-13.994164535871148
ep18740,29.00875319619327
ep18741,38.41170416418801
ep18742,35.65731125132067
ep18743,34.30073813880746
ep18744,31.628153449845186
ep18745,30.311871915346735
ep18746,38.41170416418801
ep18747,-13.994164535871148
ep18748,39.80980218604849
ep18749,-13.994164535871148
ep18750,-13.994164535871148
ep18751,32.957730757419384
ep18752,-13.994164535871148
ep18753,41.22202241015
ep18754,-13.994164535871148
ep18755,34.30073813880746
ep18756,31.628153449845186
ep18757,34.30073813880746
ep18758,34.30073813880746
ep18759,39.80980218604849
ep18760,-13.994164535871148
ep18761,30.311871915346735
ep18762,35.65731125132067
ep18763,30.311871915346735
ep18764,30.311871915346735
ep18765,-13.994164535871148
ep18766,32.957730757419384
ep18767,32.957730757419384
ep18768,39.80980218604849
ep18769,-13.994164535871148
ep18770,32.957730757419384
ep18771,-13.994164535871148
ep18772,-13.994164535871148
ep18773,38.41170416418801
ep18774,39.80980218604849
ep18775,31.628153449845186
ep18776,32.957730757419384
ep18777,32.957730757419384
ep18778,29.00875319619327
ep18779,32.957730757419384
ep18780,-13.994164535871148
ep18781,34.30073813880746
ep18782,38.41170416418801
ep18783,34.30073813880746
ep18784,-13.994164535871148
ep18785,31.628153449845186
ep18786,-13.994164535871148
ep18787,-13.994164535871148
ep18788,-13.994164535871148
ep18789,30.311871915346735
ep18790,-13.994164535871148
ep18791,-13.994164535871148
ep18792,30.311871915346735
ep18793,-13.994164535871148
ep18794,32.957730757419384
ep18795,30.311871915346735
ep18796,-13.994164535871148
ep18797,31.628153449845186
ep18798,-13.994164535871148
ep18799,38.41170416418801
ep18800,-13.994164535871148
ep18801,38.41170416418801
ep18802,30.311871915346735
ep18803,32.957730757419384
ep18804,30.311871915346735
ep18805,-13.994164535871148
ep18806,29.00875319619327
ep18807,35.65731125132067
ep18808,-13.994164535871148
ep18809,32.957730757419384
ep18810,39.80980218604849
ep18811,-13.994164535871148
ep18812,30.311871915346735
ep18813,-13.994164535871148
ep18814,-13.994164535871148
ep18815,29.00875319619327
ep18816,-13.994164535871148
ep18817,34.30073813880746
ep18818,-13.994164535871148
ep18819,-13.994164535871148
ep18820,37.02758712254613
ep18821,41.22202241015
ep18822,-13.994164535871148
ep18823,-13.994164535871148
ep18824,-13.994164535871148
ep18825,31.628153449845186
ep18826,37.02758712254613
ep18827,-13.994164535871148
ep18828,-13.994164535871148
ep18829,-13.994164535871148
ep18830,-13.994164535871148
ep18831,34.30073813880746
ep18832,-13.994164535871148
ep18833,38.41170416418801
ep18834,-13.994164535871148
ep18835,-13.994164535871148
ep18836,-13.994164535871148
ep18837,30.311871915346735
ep18838,-13.994164535871148
ep18839,-13.994164535871148
ep18840,38.41170416418801
ep18841,34.30073813880746
ep18842,-13.994164535871148
ep18843,-13.994164535871148
ep18844,-13.994164535871148
ep18845,34.30073813880746
ep18846,41.22202241015
ep18847,41.22202241015
ep18848,35.65731125132067
ep18849,-13.994164535871148
ep18850,35.65731125132067
ep18851,34.30073813880746
ep18852,-13.994164535871148
ep18853,-13.994164535871148
ep18854,32.957730757419384
ep18855,38.41170416418801
ep18856,-13.994164535871148
ep18857,37.02758712254613
ep18858,34.30073813880746
ep18859,-13.994164535871148
ep18860,35.65731125132067
ep18861,-13.994164535871148
ep18862,39.80980218604849
ep18863,41.22202241015
ep18864,-13.994164535871148
ep18865,31.628153449845186
ep18866,-13.994164535871148
ep18867,37.02758712254613
ep18868,32.957730757419384
ep18869,34.30073813880746
ep18870,30.311871915346735
ep18871,-13.994164535871148
ep18872,37.02758712254613
ep18873,41.22202241015
ep18874,-13.994164535871148
ep18875,34.30073813880746
ep18876,29.00875319619327
ep18877,32.957730757419384
ep18878,-13.994164535871148
ep18879,-13.994164535871148
ep18880,31.628153449845186
ep18881,29.00875319619327
ep18882,-13.994164535871148
ep18883,32.957730757419384
ep18884,-13.994164535871148
ep18885,39.80980218604849
ep18886,38.41170416418801
ep18887,38.41170416418801
ep18888,-13.994164535871148
ep18889,-13.994164535871148
ep18890,37.02758712254613
ep18891,32.957730757419384
ep18892,-13.994164535871148
ep18893,-13.994164535871148
ep18894,31.628153449845186
ep18895,34.30073813880746
ep18896,38.41170416418801
ep18897,30.311871915346735
ep18898,-13.994164535871148
ep18899,-13.994164535871148
ep18900,-13.994164535871148
ep18901,-13.994164535871148
ep18902,-13.994164535871148
ep18903,30.311871915346735
ep18904,38.41170416418801
ep18905,37.02758712254613
ep18906,-13.994164535871148
ep18907,29.00875319619327
ep18908,30.311871915346735
ep18909,-13.994164535871148
ep18910,30.311871915346735
ep18911,-13.994164535871148
ep18912,37.02758712254613
ep18913,-13.994164535871148
ep18914,37.02758712254613
ep18915,39.80980218604849
ep18916,-13.994164535871148
ep18917,-13.994164535871148
ep18918,-13.994164535871148
ep18919,-13.994164535871148
ep18920,-13.994164535871148
ep18921,35.65731125132067
ep18922,-13.994164535871148
ep18923,29.00875319619327
ep18924,-13.994164535871148
ep18925,34.30073813880746
ep18926,30.311871915346735
ep18927,34.30073813880746
ep18928,30.311871915346735
ep18929,-13.994164535871148
ep18930,-13.994164535871148
ep18931,-13.994164535871148
ep18932,34.30073813880746
ep18933,30.311871915346735
ep18934,34.30073813880746
ep18935,41.22202241015
ep18936,37.02758712254613
ep18937,32.957730757419384
ep18938,-13.994164535871148
ep18939,39.80980218604849
ep18940,39.80980218604849
ep18941,35.65731125132067
ep18942,31.628153449845186
ep18943,31.628153449845186
ep18944,-13.994164535871148
ep18945,-13.994164535871148
ep18946,37.02758712254613
ep18947,35.65731125132067
ep18948,-13.994164535871148
ep18949,-13.994164535871148
ep18950,38.41170416418801
ep18951,31.628153449845186
ep18952,31.628153449845186
ep18953,-13.994164535871148
ep18954,-13.994164535871148
ep18955,39.80980218604849
ep18956,-13.994164535871148
ep18957,38.41170416418801
ep18958,39.80980218604849
ep18959,30.311871915346735
ep18960,29.00875319619327
ep18961,-13.994164535871148
ep18962,-13.994164535871148
ep18963,-13.994164535871148
ep18964,-13.994164535871148
ep18965,-13.994164535871148
ep18966,29.00875319619327
ep18967,30.311871915346735
ep18968,30.311871915346735
ep18969,30.311871915346735
ep18970,-13.994164535871148
ep18971,31.628153449845186
ep18972,31.628153449845186
ep18973,32.957730757419384
ep18974,-13.994164535871148
ep18975,-13.994164535871148
ep18976,-13.994164535871148
ep18977,32.957730757419384
ep18978,31.628153449845186
ep18979,30.311871915346735
ep18980,30.311871915346735
ep18981,-13.994164535871148
ep18982,31.628153449845186
ep18983,-13.994164535871148
ep18984,32.957730757419384
ep18985,37.02758712254613
ep18986,41.22202241015
ep18987,-13.994164535871148
ep18988,39.80980218604849
ep18989,32.957730757419384
ep18990,30.311871915346735
ep18991,-13.994164535871148
ep18992,35.65731125132067
ep18993,-13.994164535871148
ep18994,-13.994164535871148
ep18995,32.957730757419384
ep18996,32.957730757419384
ep18997,-13.994164535871148
ep18998,-13.994164535871148
ep18999,-13.994164535871148
ep19000,34.30073813880746
ep19001,29.00875319619327
ep19002,32.957730757419384
ep19003,29.00875319619327
ep19004,35.65731125132067
ep19005,34.30073813880746
ep19006,39.80980218604849
ep19007,29.00875319619327
ep19008,30.311871915346735
ep19009,-13.994164535871148
ep19010,-13.994164535871148
ep19011,32.957730757419384
ep19012,-13.994164535871148
ep19013,37.02758712254613
ep19014,-13.994164535871148
ep19015,39.80980218604849
ep19016,31.628153449845186
ep19017,34.30073813880746
ep19018,-13.994164535871148
ep19019,29.00875319619327
ep19020,38.41170416418801
ep19021,38.41170416418801
ep19022,-13.994164535871148
ep19023,-13.994164535871148
ep19024,-13.994164535871148
ep19025,31.628153449845186
ep19026,32.957730757419384
ep19027,34.30073813880746
ep19028,-13.994164535871148
ep19029,-13.994164535871148
ep19030,-13.994164535871148
ep19031,38.41170416418801
ep19032,-13.994164535871148
ep19033,-13.994164535871148
ep19034,38.41170416418801
ep19035,30.311871915346735
ep19036,-13.994164535871148
ep19037,35.65731125132067
ep19038,41.22202241015
ep19039,30.311871915346735
ep19040,30.311871915346735
ep19041,-13.994164535871148
ep19042,30.311871915346735
ep19043,29.00875319619327
ep19044,39.80980218604849
ep19045,30.311871915346735
ep19046,37.02758712254613
ep19047,29.00875319619327
ep19048,30.311871915346735
ep19049,31.628153449845186
ep19050,32.957730757419384
ep19051,32.957730757419384
ep19052,30.311871915346735
ep19053,41.22202241015
ep19054,-13.994164535871148
ep19055,-13.994164535871148
ep19056,32.957730757419384
ep19057,37.02758712254613
ep19058,32.957730757419384
ep19059,-13.994164535871148
ep19060,41.22202241015
ep19061,32.957730757419384
ep19062,29.00875319619327
ep19063,32.957730757419384
ep19064,-13.994164535871148
ep19065,-13.994164535871148
ep19066,35.65731125132067
ep19067,30.311871915346735
ep19068,-13.994164535871148
ep19069,30.311871915346735
ep19070,-13.994164535871148
ep19071,34.30073813880746
ep19072,37.02758712254613
ep19073,-13.994164535871148
ep19074,32.957730757419384
ep19075,-13.994164535871148
ep19076,29.00875319619327
ep19077,-13.994164535871148
ep19078,-13.994164535871148
ep19079,31.628153449845186
ep19080,-13.994164535871148
ep19081,31.628153449845186
ep19082,-13.994164535871148
ep19083,30.311871915346735
ep19084,-13.994164535871148
ep19085,30.311871915346735
ep19086,37.02758712254613
ep19087,-13.994164535871148
ep19088,32.957730757419384
ep19089,-13.994164535871148
ep19090,30.311871915346735
ep19091,-13.994164535871148
ep19092,30.311871915346735
ep19093,39.80980218604849
ep19094,31.628153449845186
ep19095,30.311871915346735
ep19096,-13.994164535871148
ep19097,30.311871915346735
ep19098,38.41170416418801
ep19099,-13.994164535871148
ep19100,-13.994164535871148
ep19101,30.311871915346735
ep19102,32.957730757419384
ep19103,30.311871915346735
ep19104,-13.994164535871148
ep19105,-13.994164535871148
ep19106,-13.994164535871148
ep19107,39.80980218604849
ep19108,-13.994164535871148
ep19109,-13.994164535871148
ep19110,31.628153449845186
ep19111,32.957730757419384
ep19112,-13.994164535871148
ep19113,41.22202241015
ep19114,30.311871915346735
ep19115,41.22202241015
ep19116,38.41170416418801
ep19117,-13.994164535871148
ep19118,-13.994164535871148
ep19119,41.22202241015
ep19120,41.22202241015
ep19121,32.957730757419384
ep19122,41.22202241015
ep19123,-13.994164535871148
ep19124,32.957730757419384
ep19125,31.628153449845186
ep19126,41.22202241015
ep19127,-13.994164535871148
ep19128,41.22202241015
ep19129,-13.994164535871148
ep19130,37.02758712254613
ep19131,-13.994164535871148
ep19132,29.00875319619327
ep19133,-13.994164535871148
ep19134,-13.994164535871148
ep19135,-13.994164535871148
ep19136,31.628153449845186
ep19137,38.41170416418801
ep19138,39.80980218604849
ep19139,-13.994164535871148
ep19140,-13.994164535871148
ep19141,-13.994164535871148
ep19142,39.80980218604849
ep19143,-13.994164535871148
ep19144,-13.994164535871148
ep19145,-13.994164535871148
ep19146,32.957730757419384
ep19147,32.957730757419384
ep19148,35.65731125132067
ep19149,-13.994164535871148
ep19150,-13.994164535871148
ep19151,39.80980218604849
ep19152,-13.994164535871148
ep19153,31.628153449845186
ep19154,37.02758712254613
ep19155,31.628153449845186
ep19156,-13.994164535871148
ep19157,34.30073813880746
ep19158,31.628153449845186
ep19159,-13.994164535871148
ep19160,32.957730757419384
ep19161,-13.994164535871148
ep19162,32.957730757419384
ep19163,37.02758712254613
ep19164,-13.994164535871148
ep19165,-13.994164535871148
ep19166,-13.994164535871148
ep19167,-13.994164535871148
ep19168,35.65731125132067
ep19169,-13.994164535871148
ep19170,35.65731125132067
ep19171,-13.994164535871148
ep19172,-13.994164535871148
ep19173,30.311871915346735
ep19174,34.30073813880746
ep19175,31.628153449845186
ep19176,35.65731125132067
ep19177,32.957730757419384
ep19178,30.311871915346735
ep19179,37.02758712254613
ep19180,-13.994164535871148
ep19181,-13.994164535871148
ep19182,30.311871915346735
ep19183,-13.994164535871148
ep19184,31.628153449845186
ep19185,38.41170416418801
ep19186,30.311871915346735
ep19187,-13.994164535871148
ep19188,-13.994164535871148
ep19189,-13.994164535871148
ep19190,-13.994164535871148
ep19191,30.311871915346735
ep19192,-13.994164535871148
ep19193,32.957730757419384
ep19194,-13.994164535871148
ep19195,-13.994164535871148
ep19196,34.30073813880746
ep19197,-13.994164535871148
ep19198,38.41170416418801
ep19199,-13.994164535871148
ep19200,-13.994164535871148
ep19201,-13.994164535871148
ep19202,32.957730757419384
ep19203,30.311871915346735
ep19204,35.65731125132067
ep19205,-13.994164535871148
ep19206,34.30073813880746
ep19207,-13.994164535871148
ep19208,-13.994164535871148
ep19209,39.80980218604849
ep19210,-13.994164535871148
ep19211,34.30073813880746
ep19212,-13.994164535871148
ep19213,31.628153449845186
ep19214,-13.994164535871148
ep19215,30.311871915346735
ep19216,-13.994164535871148
ep19217,30.311871915346735
ep19218,30.311871915346735
ep19219,-13.994164535871148
ep19220,39.80980218604849
ep19221,-13.994164535871148
ep19222,30.311871915346735
ep19223,31.628153449845186
ep19224,32.957730757419384
ep19225,-13.994164535871148
ep19226,-13.994164535871148
ep19227,34.30073813880746
ep19228,-13.994164535871148
ep19229,35.65731125132067
ep19230,-13.994164535871148
ep19231,29.00875319619327
ep19232,-13.994164535871148
ep19233,31.628153449845186
ep19234,30.311871915346735
ep19235,39.80980218604849
ep19236,37.02758712254613
ep19237,-13.994164535871148
ep19238,-13.994164535871148
ep19239,-13.994164535871148
ep19240,-13.994164535871148
ep19241,-13.994164535871148
ep19242,30.311871915346735
ep19243,34.30073813880746
ep19244,-13.994164535871148
ep19245,-13.994164535871148
ep19246,31.628153449845186
ep19247,34.30073813880746
ep19248,-13.994164535871148
ep19249,38.41170416418801
ep19250,34.30073813880746
ep19251,-13.994164535871148
ep19252,29.00875319619327
ep19253,29.00875319619327
ep19254,-13.994164535871148
ep19255,-13.994164535871148
ep19256,31.628153449845186
ep19257,29.00875319619327
ep19258,-13.994164535871148
ep19259,37.02758712254613
ep19260,30.311871915346735
ep19261,31.628153449845186
ep19262,-13.994164535871148
ep19263,38.41170416418801
ep19264,29.00875319619327
ep19265,32.957730757419384
ep19266,32.957730757419384
ep19267,30.311871915346735
ep19268,41.22202241015
ep19269,31.628153449845186
ep19270,37.02758712254613
ep19271,-13.994164535871148
ep19272,31.628153449845186
ep19273,-13.994164535871148
ep19274,-13.994164535871148
ep19275,30.311871915346735
ep19276,30.311871915346735
ep19277,38.41170416418801
ep19278,-13.994164535871148
ep19279,34.30073813880746
ep19280,37.02758712254613
ep19281,30.311871915346735
ep19282,38.41170416418801
ep19283,-13.994164535871148
ep19284,-13.994164535871148
ep19285,30.311871915346735
ep19286,39.80980218604849
ep19287,31.628153449845186
ep19288,-13.994164535871148
ep19289,31.628153449845186
ep19290,39.80980218604849
ep19291,34.30073813880746
ep19292,37.02758712254613
ep19293,-13.994164535871148
ep19294,-13.994164535871148
ep19295,-13.994164535871148
ep19296,-13.994164535871148
ep19297,-13.994164535871148
ep19298,31.628153449845186
ep19299,30.311871915346735
ep19300,-13.994164535871148
ep19301,34.30073813880746
ep19302,37.02758712254613
ep19303,32.957730757419384
ep19304,32.957730757419384
ep19305,35.65731125132067
ep19306,-13.994164535871148
ep19307,-13.994164535871148
ep19308,37.02758712254613
ep19309,-13.994164535871148
ep19310,31.628153449845186
ep19311,30.311871915346735
ep19312,-13.994164535871148
ep19313,-13.994164535871148
ep19314,37.02758712254613
ep19315,29.00875319619327
ep19316,-13.994164535871148
ep19317,31.628153449845186
ep19318,35.65731125132067
ep19319,35.65731125132067
ep19320,31.628153449845186
ep19321,-13.994164535871148
ep19322,41.22202241015
ep19323,31.628153449845186
ep19324,38.41170416418801
ep19325,-13.994164535871148
ep19326,-13.994164535871148
ep19327,29.00875319619327
ep19328,-13.994164535871148
ep19329,-13.994164535871148
ep19330,-13.994164535871148
ep19331,38.41170416418801
ep19332,31.628153449845186
ep19333,31.628153449845186
ep19334,38.41170416418801
ep19335,32.957730757419384
ep19336,-13.994164535871148
ep19337,-13.994164535871148
ep19338,-13.994164535871148
ep19339,-13.994164535871148
ep19340,32.957730757419384
ep19341,30.311871915346735
ep19342,-13.994164535871148
ep19343,-13.994164535871148
ep19344,32.957730757419384
ep19345,34.30073813880746
ep19346,-13.994164535871148
ep19347,37.02758712254613
ep19348,-13.994164535871148
ep19349,-13.994164535871148
ep19350,-13.994164535871148
ep19351,-13.994164535871148
ep19352,32.957730757419384
ep19353,41.22202241015
ep19354,31.628153449845186
ep19355,39.80980218604849
ep19356,-13.994164535871148
ep19357,39.80980218604849
ep19358,-13.994164535871148
ep19359,35.65731125132067
ep19360,-13.994164535871148
ep19361,-13.994164535871148
ep19362,-13.994164535871148
ep19363,-13.994164535871148
ep19364,32.957730757419384
ep19365,37.02758712254613
ep19366,31.628153449845186
ep19367,-13.994164535871148
ep19368,37.02758712254613
ep19369,30.311871915346735
ep19370,-13.994164535871148
ep19371,34.30073813880746
ep19372,29.00875319619327
ep19373,-13.994164535871148
ep19374,34.30073813880746
ep19375,-13.994164535871148
ep19376,32.957730757419384
ep19377,41.22202241015
ep19378,34.30073813880746
ep19379,30.311871915346735
ep19380,35.65731125132067
ep19381,30.311871915346735
ep19382,39.80980218604849
ep19383,-13.994164535871148
ep19384,30.311871915346735
ep19385,-13.994164535871148
ep19386,-13.994164535871148
ep19387,30.311871915346735
ep19388,30.311871915346735
ep19389,-13.994164535871148
ep19390,-13.994164535871148
ep19391,-13.994164535871148
ep19392,30.311871915346735
ep19393,34.30073813880746
ep19394,-13.994164535871148
ep19395,32.957730757419384
ep19396,32.957730757419384
ep19397,41.22202241015
ep19398,-13.994164535871148
ep19399,-13.994164535871148
ep19400,-13.994164535871148
ep19401,-13.994164535871148
ep19402,32.957730757419384
ep19403,30.311871915346735
ep19404,-13.994164535871148
ep19405,-13.994164535871148
ep19406,32.957730757419384
ep19407,-13.994164535871148
ep19408,30.311871915346735
ep19409,-13.994164535871148
ep19410,-13.994164535871148
ep19411,-13.994164535871148
ep19412,-13.994164535871148
ep19413,-13.994164535871148
ep19414,37.02758712254613
ep19415,-13.994164535871148
ep19416,37.02758712254613
ep19417,-13.994164535871148
ep19418,-13.994164535871148
ep19419,39.80980218604849
ep19420,-13.994164535871148
ep19421,35.65731125132067
ep19422,-13.994164535871148
ep19423,-13.994164535871148
ep19424,31.628153449845186
ep19425,-13.994164535871148
ep19426,41.22202241015
ep19427,-13.994164535871148
ep19428,-13.994164535871148
ep19429,32.957730757419384
ep19430,-13.994164535871148
ep19431,-13.994164535871148
ep19432,-13.994164535871148
ep19433,30.311871915346735
ep19434,34.30073813880746
ep19435,35.65731125132067
ep19436,38.41170416418801
ep19437,35.65731125132067
ep19438,41.22202241015
ep19439,32.957730757419384
ep19440,31.628153449845186
ep19441,30.311871915346735
ep19442,31.628153449845186
ep19443,-13.994164535871148
ep19444,30.311871915346735
ep19445,38.41170416418801
ep19446,34.30073813880746
ep19447,37.02758712254613
ep19448,34.30073813880746
ep19449,-13.994164535871148
ep19450,37.02758712254613
ep19451,-13.994164535871148
ep19452,41.22202241015
ep19453,-13.994164535871148
ep19454,29.00875319619327
ep19455,37.02758712254613
ep19456,-13.994164535871148
ep19457,-13.994164535871148
ep19458,-13.994164535871148
ep19459,34.30073813880746
ep19460,30.311871915346735
ep19461,37.02758712254613
ep19462,32.957730757419384
ep19463,29.00875319619327
ep19464,34.30073813880746
ep19465,-13.994164535871148
ep19466,-13.994164535871148
ep19467,-13.994164535871148
ep19468,30.311871915346735
ep19469,-13.994164535871148
ep19470,-13.994164535871148
ep19471,-13.994164535871148
ep19472,35.65731125132067
ep19473,37.02758712254613
ep19474,32.957730757419384
ep19475,29.00875319619327
ep19476,-13.994164535871148
ep19477,-13.994164535871148
ep19478,30.311871915346735
ep19479,35.65731125132067
ep19480,-13.994164535871148
ep19481,32.957730757419384
ep19482,38.41170416418801
ep19483,37.02758712254613
ep19484,37.02758712254613
ep19485,34.30073813880746
ep19486,32.957730757419384
ep19487,34.30073813880746
ep19488,30.311871915346735
ep19489,35.65731125132067
ep19490,-13.994164535871148
ep19491,35.65731125132067
ep19492,-13.994164535871148
ep19493,-13.994164535871148
ep19494,-13.994164535871148
ep19495,-13.994164535871148
ep19496,-13.994164535871148
ep19497,41.22202241015
ep19498,37.02758712254613
ep19499,38.41170416418801
ep19500,30.311871915346735
ep19501,35.65731125132067
ep19502,32.957730757419384
ep19503,37.02758712254613
ep19504,-13.994164535871148
ep19505,30.311871915346735
ep19506,32.957730757419384
ep19507,-13.994164535871148
ep19508,-13.994164535871148
ep19509,-13.994164535871148
ep19510,-13.994164535871148
ep19511,30.311871915346735
ep19512,-13.994164535871148
ep19513,-13.994164535871148
ep19514,39.80980218604849
ep19515,30.311871915346735
ep19516,-13.994164535871148
ep19517,32.957730757419384
ep19518,-13.994164535871148
ep19519,30.311871915346735
ep19520,-13.994164535871148
ep19521,-13.994164535871148
ep19522,-13.994164535871148
ep19523,-13.994164535871148
ep19524,-13.994164535871148
ep19525,38.41170416418801
ep19526,38.41170416418801
ep19527,41.22202241015
ep19528,-13.994164535871148
ep19529,34.30073813880746
ep19530,-13.994164535871148
ep19531,31.628153449845186
ep19532,30.311871915346735
ep19533,38.41170416418801
ep19534,-13.994164535871148
ep19535,37.02758712254613
ep19536,30.311871915346735
ep19537,39.80980218604849
ep19538,30.311871915346735
ep19539,-13.994164535871148
ep19540,32.957730757419384
ep19541,-13.994164535871148
ep19542,-13.994164535871148
ep19543,-13.994164535871148
ep19544,30.311871915346735
ep19545,-13.994164535871148
ep19546,-13.994164535871148
ep19547,34.30073813880746
ep19548,-13.994164535871148
ep19549,37.02758712254613
ep19550,29.00875319619327
ep19551,37.02758712254613
ep19552,-13.994164535871148
ep19553,30.311871915346735
ep19554,-13.994164535871148
ep19555,30.311871915346735
ep19556,37.02758712254613
ep19557,31.628153449845186
ep19558,38.41170416418801
ep19559,37.02758712254613
ep19560,-13.994164535871148
ep19561,38.41170416418801
ep19562,-13.994164535871148
ep19563,41.22202241015
ep19564,34.30073813880746
ep19565,-13.994164535871148
ep19566,30.311871915346735
ep19567,-13.994164535871148
ep19568,-13.994164535871148
ep19569,-13.994164535871148
ep19570,41.22202241015
ep19571,29.00875319619327
ep19572,-13.994164535871148
ep19573,-13.994164535871148
ep19574,-13.994164535871148
ep19575,37.02758712254613
ep19576,37.02758712254613
ep19577,39.80980218604849
ep19578,34.30073813880746
ep19579,-13.994164535871148
ep19580,-13.994164535871148
ep19581,34.30073813880746
ep19582,-13.994164535871148
ep19583,35.65731125132067
ep19584,35.65731125132067
ep19585,29.00875319619327
ep19586,37.02758712254613
ep19587,-13.994164535871148
ep19588,-13.994164535871148
ep19589,31.628153449845186
ep19590,-13.994164535871148
ep19591,41.22202241015
ep19592,-13.994164535871148
ep19593,-13.994164535871148
ep19594,30.311871915346735
ep19595,37.02758712254613
ep19596,-13.994164535871148
ep19597,-13.994164535871148
ep19598,30.311871915346735
ep19599,37.02758712254613
ep19600,32.957730757419384
ep19601,32.957730757419384
ep19602,30.311871915346735
ep19603,31.628153449845186
ep19604,35.65731125132067
ep19605,31.628153449845186
ep19606,-13.994164535871148
ep19607,-13.994164535871148
ep19608,35.65731125132067
ep19609,-13.994164535871148
ep19610,-13.994164535871148
ep19611,39.80980218604849
ep19612,30.311871915346735
ep19613,31.628153449845186
ep19614,-13.994164535871148
ep19615,38.41170416418801
ep19616,-13.994164535871148
ep19617,39.80980218604849
ep19618,31.628153449845186
ep19619,38.41170416418801
ep19620,-13.994164535871148
ep19621,38.41170416418801
ep19622,-13.994164535871148
ep19623,-13.994164535871148
ep19624,37.02758712254613
ep19625,34.30073813880746
ep19626,30.311871915346735
ep19627,32.957730757419384
ep19628,-13.994164535871148
ep19629,31.628153449845186
ep19630,-13.994164535871148
ep19631,30.311871915346735
ep19632,-13.994164535871148
ep19633,-13.994164535871148
ep19634,31.628153449845186
ep19635,35.65731125132067
ep19636,-13.994164535871148
ep19637,-13.994164535871148
ep19638,34.30073813880746
ep19639,30.311871915346735
ep19640,-13.994164535871148
ep19641,34.30073813880746
ep19642,30.311871915346735
ep19643,29.00875319619327
ep19644,-13.994164535871148
ep19645,32.957730757419384
ep19646,30.311871915346735
ep19647,-13.994164535871148
ep19648,37.02758712254613
ep19649,30.311871915346735
ep19650,30.311871915346735
ep19651,-13.994164535871148
ep19652,37.02758712254613
ep19653,30.311871915346735
ep19654,34.30073813880746
ep19655,-13.994164535871148
ep19656,-13.994164535871148
ep19657,30.311871915346735
ep19658,39.80980218604849
ep19659,-13.994164535871148
ep19660,31.628153449845186
ep19661,34.30073813880746
ep19662,32.957730757419384
ep19663,-13.994164535871148
ep19664,-13.994164535871148
ep19665,34.30073813880746
ep19666,41.22202241015
ep19667,41.22202241015
ep19668,-13.994164535871148
ep19669,-13.994164535871148
ep19670,30.311871915346735
ep19671,-13.994164535871148
ep19672,-13.994164535871148
ep19673,-13.994164535871148
ep19674,-13.994164535871148
ep19675,-13.994164535871148
ep19676,30.311871915346735
ep19677,-13.994164535871148
ep19678,32.957730757419384
ep19679,38.41170416418801
ep19680,-13.994164535871148
ep19681,-13.994164535871148
ep19682,29.00875319619327
ep19683,39.80980218604849
ep19684,-13.994164535871148
ep19685,38.41170416418801
ep19686,-13.994164535871148
ep19687,30.311871915346735
ep19688,-13.994164535871148
ep19689,-13.994164535871148
ep19690,-13.994164535871148
ep19691,-13.994164535871148
ep19692,37.02758712254613
ep19693,-13.994164535871148
ep19694,-13.994164535871148
ep19695,-13.994164535871148
ep19696,37.02758712254613
ep19697,-13.994164535871148
ep19698,34.30073813880746
ep19699,-13.994164535871148
ep19700,-13.994164535871148
ep19701,-13.994164535871148
ep19702,39.80980218604849
ep19703,32.957730757419384
ep19704,29.00875319619327
ep19705,29.00875319619327
ep19706,41.22202241015
ep19707,-13.994164535871148
ep19708,-13.994164535871148
ep19709,41.22202241015
ep19710,31.628153449845186
ep19711,35.65731125132067
ep19712,30.311871915346735
ep19713,31.628153449845186
ep19714,38.41170416418801
ep19715,34.30073813880746
ep19716,37.02758712254613
ep19717,-13.994164535871148
ep19718,34.30073813880746
ep19719,31.628153449845186
ep19720,-13.994164535871148
ep19721,34.30073813880746
ep19722,-13.994164535871148
ep19723,35.65731125132067
ep19724,-13.994164535871148
ep19725,-13.994164535871148
ep19726,-13.994164535871148
ep19727,39.80980218604849
ep19728,31.628153449845186
ep19729,-13.994164535871148
ep19730,-13.994164535871148
ep19731,31.628153449845186
ep19732,-13.994164535871148
ep19733,34.30073813880746
ep19734,34.30073813880746
ep19735,-13.994164535871148
ep19736,-13.994164535871148
ep19737,-13.994164535871148
ep19738,-13.994164535871148
ep19739,-13.994164535871148
ep19740,29.00875319619327
ep19741,-13.994164535871148
ep19742,39.80980218604849
ep19743,34.30073813880746
ep19744,30.311871915346735
ep19745,41.22202241015
ep19746,34.30073813880746
ep19747,-13.994164535871148
ep19748,41.22202241015
ep19749,34.30073813880746
ep19750,34.30073813880746
ep19751,34.30073813880746
ep19752,39.80980218604849
ep19753,30.311871915346735
ep19754,-13.994164535871148
ep19755,-13.994164535871148
ep19756,30.311871915346735
ep19757,34.30073813880746
ep19758,31.628153449845186
ep19759,-13.994164535871148
ep19760,34.30073813880746
ep19761,35.65731125132067
ep19762,34.30073813880746
ep19763,-13.994164535871148
ep19764,34.30073813880746
ep19765,34.30073813880746
ep19766,30.311871915346735
ep19767,34.30073813880746
ep19768,34.30073813880746
ep19769,37.02758712254613
ep19770,32.957730757419384
ep19771,-13.994164535871148
ep19772,30.311871915346735
ep19773,-13.994164535871148
ep19774,29.00875319619327
ep19775,34.30073813880746
ep19776,-13.994164535871148
ep19777,39.80980218604849
ep19778,31.628153449845186
ep19779,-13.994164535871148
ep19780,34.30073813880746
ep19781,-13.994164535871148
ep19782,29.00875319619327
ep19783,30.311871915346735
ep19784,-13.994164535871148
ep19785,38.41170416418801
ep19786,-13.994164535871148
ep19787,-13.994164535871148
ep19788,-13.994164535871148
ep19789,-13.994164535871148
ep19790,38.41170416418801
ep19791,34.30073813880746
ep19792,39.80980218604849
ep19793,37.02758712254613
ep19794,-13.994164535871148
ep19795,-13.994164535871148
ep19796,34.30073813880746
ep19797,-13.994164535871148
ep19798,-13.994164535871148
ep19799,29.00875319619327
ep19800,32.957730757419384
ep19801,39.80980218604849
ep19802,-13.994164535871148
ep19803,-13.994164535871148
ep19804,39.80980218604849
ep19805,-13.994164535871148
ep19806,-13.994164535871148
ep19807,41.22202241015
ep19808,31.628153449845186
ep19809,-13.994164535871148
ep19810,32.957730757419384
ep19811,41.22202241015
ep19812,34.30073813880746
ep19813,41.22202241015
ep19814,32.957730757419384
ep19815,31.628153449845186
ep19816,37.02758712254613
ep19817,41.22202241015
ep19818,29.00875319619327
ep19819,-13.994164535871148
ep19820,37.02758712254613
ep19821,-13.994164535871148
ep19822,-13.994164535871148
ep19823,29.00875319619327
ep19824,30.311871915346735
ep19825,37.02758712254613
ep19826,-13.994164535871148
ep19827,32.957730757419384
ep19828,-13.994164535871148
ep19829,34.30073813880746
ep19830,34.30073813880746
ep19831,37.02758712254613
ep19832,35.65731125132067
ep19833,-13.994164535871148
ep19834,-13.994164535871148
ep19835,-13.994164535871148
ep19836,-13.994164535871148
ep19837,-13.994164535871148
ep19838,35.65731125132067
ep19839,30.311871915346735
ep19840,32.957730757419384
ep19841,30.311871915346735
ep19842,30.311871915346735
ep19843,-13.994164535871148
ep19844,35.65731125132067
ep19845,31.628153449845186
ep19846,39.80980218604849
ep19847,-13.994164535871148
ep19848,38.41170416418801
ep19849,31.628153449845186
ep19850,-13.994164535871148
ep19851,-13.994164535871148
ep19852,-13.994164535871148
ep19853,30.311871915346735
ep19854,-13.994164535871148
ep19855,-13.994164535871148
ep19856,30.311871915346735
ep19857,30.311871915346735
ep19858,35.65731125132067
ep19859,34.30073813880746
ep19860,31.628153449845186
ep19861,-13.994164535871148
ep19862,29.00875319619327
ep19863,30.311871915346735
ep19864,35.65731125132067
ep19865,30.311871915346735
ep19866,32.957730757419384
ep19867,-13.994164535871148
ep19868,38.41170416418801
ep19869,41.22202241015
ep19870,30.311871915346735
ep19871,30.311871915346735
ep19872,37.02758712254613
ep19873,-13.994164535871148
ep19874,41.22202241015
ep19875,30.311871915346735
ep19876,39.80980218604849
ep19877,-13.994164535871148
ep19878,41.22202241015
ep19879,31.628153449845186
ep19880,35.65731125132067
ep19881,-13.994164535871148
ep19882,-13.994164535871148
ep19883,-13.994164535871148
ep19884,-13.994164535871148
ep19885,-13.994164535871148
ep19886,37.02758712254613
ep19887,39.80980218604849
ep19888,35.65731125132067
ep19889,-13.994164535871148
ep19890,-13.994164535871148
ep19891,29.00875319619327
ep19892,31.628153449845186
ep19893,38.41170416418801
ep19894,30.311871915346735
ep19895,41.22202241015
ep19896,34.30073813880746
ep19897,29.00875319619327
ep19898,-13.994164535871148
ep19899,34.30073813880746
ep19900,-13.994164535871148
ep19901,37.02758712254613
ep19902,-13.994164535871148
ep19903,32.957730757419384
ep19904,38.41170416418801
ep19905,41.22202241015
ep19906,-13.994164535871148
ep19907,32.957730757419384
ep19908,30.311871915346735
ep19909,34.30073813880746
ep19910,39.80980218604849
ep19911,37.02758712254613
ep19912,30.311871915346735
ep19913,-13.994164535871148
ep19914,41.22202241015
ep19915,32.957730757419384
ep19916,29.00875319619327
ep19917,-13.994164535871148
ep19918,-13.994164535871148
ep19919,-13.994164535871148
ep19920,-13.994164535871148
ep19921,-13.994164535871148
ep19922,-13.994164535871148
ep19923,31.628153449845186
ep19924,34.30073813880746
ep19925,-13.994164535871148
ep19926,-13.994164535871148
ep19927,35.65731125132067
ep19928,34.30073813880746
ep19929,37.02758712254613
ep19930,-13.994164535871148
ep19931,-13.994164535871148
ep19932,-13.994164535871148
ep19933,30.311871915346735
ep19934,37.02758712254613
ep19935,30.311871915346735
ep19936,-13.994164535871148
ep19937,-13.994164535871148
ep19938,32.957730757419384
ep19939,-13.994164535871148
ep19940,41.22202241015
ep19941,-13.994164535871148
ep19942,-13.994164535871148
ep19943,34.30073813880746
ep19944,29.00875319619327
ep19945,38.41170416418801
ep19946,35.65731125132067
ep19947,-13.994164535871148
ep19948,35.65731125132067
ep19949,30.311871915346735
ep19950,34.30073813880746
ep19951,-13.994164535871148
ep19952,-13.994164535871148
ep19953,37.02758712254613
ep19954,-13.994164535871148
ep19955,29.00875319619327
ep19956,-13.994164535871148
ep19957,-13.994164535871148
ep19958,29.00875319619327
ep19959,-13.994164535871148
ep19960,38.41170416418801
ep19961,34.30073813880746
ep19962,34.30073813880746
ep19963,-13.994164535871148
ep19964,31.628153449845186
ep19965,34.30073813880746
ep19966,-13.994164535871148
ep19967,-13.994164535871148
ep19968,-13.994164535871148
ep19969,-13.994164535871148
ep19970,-13.994164535871148
ep19971,32.957730757419384
ep19972,-13.994164535871148
ep19973,-13.994164535871148
ep19974,38.41170416418801
ep19975,30.311871915346735
ep19976,30.311871915346735
ep19977,32.957730757419384
ep19978,-13.994164535871148
ep19979,30.311871915346735
ep19980,-13.994164535871148
ep19981,29.00875319619327
ep19982,31.628153449845186
ep19983,-13.994164535871148
ep19984,41.22202241015
ep19985,31.628153449845186
ep19986,-13.994164535871148
ep19987,-13.994164535871148
ep19988,-13.994164535871148
ep19989,39.80980218604849
ep19990,30.311871915346735
ep19991,-13.994164535871148
ep19992,30.311871915346735
ep19993,-13.994164535871148
ep19994,29.00875319619327
ep19995,31.628153449845186
ep19996,-13.994164535871148
ep19997,32.957730757419384
ep19998,30.311871915346735
ep19999,-13.994164535871148
ep20000,30.311871915346735
ep20001,-13.994164535871148
ep20002,-13.994164535871148
ep20003,-13.994164535871148
ep20004,-13.994164535871148
ep20005,-13.994164535871148
ep20006,37.02758712254613
ep20007,30.311871915346735
ep20008,37.02758712254613
ep20009,32.957730757419384
ep20010,31.628153449845186
ep20011,-13.994164535871148
ep20012,34.30073813880746
ep20013,-13.994164535871148
ep20014,-13.994164535871148
ep20015,30.311871915346735
ep20016,37.02758712254613
ep20017,32.957730757419384
ep20018,-13.994164535871148
ep20019,-13.994164535871148
ep20020,38.41170416418801
ep20021,31.628153449845186
ep20022,34.30073813880746
ep20023,-13.994164535871148
ep20024,-13.994164535871148
ep20025,-13.994164535871148
ep20026,-13.994164535871148
ep20027,-13.994164535871148
ep20028,31.628153449845186
ep20029,35.65731125132067
ep20030,29.00875319619327
ep20031,39.80980218604849
ep20032,39.80980218604849
ep20033,-13.994164535871148
ep20034,34.30073813880746
ep20035,-13.994164535871148
ep20036,-13.994164535871148
ep20037,30.311871915346735
ep20038,-13.994164535871148
ep20039,-13.994164535871148
ep20040,30.311871915346735
ep20041,-13.994164535871148
ep20042,38.41170416418801
ep20043,39.80980218604849
ep20044,31.628153449845186
ep20045,-13.994164535871148
ep20046,-13.994164535871148
ep20047,-13.994164535871148
ep20048,-13.994164535871148
ep20049,39.80980218604849
ep20050,41.22202241015
ep20051,31.628153449845186
ep20052,32.957730757419384
ep20053,35.65731125132067
ep20054,30.311871915346735
ep20055,-13.994164535871148
ep20056,31.628153449845186
ep20057,-13.994164535871148
ep20058,30.311871915346735
ep20059,39.80980218604849
ep20060,-13.994164535871148
ep20061,-13.994164535871148
ep20062,-13.994164535871148
ep20063,38.41170416418801
ep20064,-13.994164535871148
ep20065,-13.994164535871148
ep20066,-13.994164535871148
ep20067,-13.994164535871148
ep20068,-13.994164535871148
ep20069,35.65731125132067
ep20070,31.628153449845186
ep20071,-13.994164535871148
ep20072,38.41170416418801
ep20073,-13.994164535871148
ep20074,34.30073813880746
ep20075,-13.994164535871148
ep20076,32.957730757419384
ep20077,-13.994164535871148
ep20078,30.311871915346735
ep20079,-13.994164535871148
ep20080,-13.994164535871148
ep20081,34.30073813880746
ep20082,30.311871915346735
ep20083,32.957730757419384
ep20084,39.80980218604849
ep20085,32.957730757419384
ep20086,38.41170416418801
ep20087,-13.994164535871148
ep20088,-13.994164535871148
ep20089,30.311871915346735
ep20090,-13.994164535871148
ep20091,-13.994164535871148
ep20092,39.80980218604849
ep20093,30.311871915346735
ep20094,-13.994164535871148
ep20095,-13.994164535871148
ep20096,-13.994164535871148
ep20097,34.30073813880746
ep20098,-13.994164535871148
ep20099,-13.994164535871148
ep20100,-13.994164535871148
ep20101,-13.994164535871148
ep20102,-13.994164535871148
ep20103,30.311871915346735
ep20104,29.00875319619327
ep20105,34.30073813880746
ep20106,-13.994164535871148
ep20107,30.311871915346735
ep20108,-13.994164535871148
ep20109,-13.994164535871148
ep20110,-13.994164535871148
ep20111,38.41170416418801
ep20112,41.22202241015
ep20113,41.22202241015
ep20114,-13.994164535871148
ep20115,29.00875319619327
ep20116,-13.994164535871148
ep20117,31.628153449845186
ep20118,32.957730757419384
ep20119,-13.994164535871148
ep20120,-13.994164535871148
ep20121,31.628153449845186
ep20122,-13.994164535871148
ep20123,32.957730757419384
ep20124,29.00875319619327
ep20125,-13.994164535871148
ep20126,34.30073813880746
ep20127,37.02758712254613
ep20128,35.65731125132067
ep20129,-13.994164535871148
ep20130,31.628153449845186
ep20131,38.41170416418801
ep20132,-13.994164535871148
ep20133,32.957730757419384
ep20134,35.65731125132067
ep20135,41.22202241015
ep20136,-13.994164535871148
ep20137,30.311871915346735
ep20138,-13.994164535871148
ep20139,34.30073813880746
ep20140,37.02758712254613
ep20141,-13.994164535871148
ep20142,-13.994164535871148
ep20143,-13.994164535871148
ep20144,38.41170416418801
ep20145,41.22202241015
ep20146,-13.994164535871148
ep20147,30.311871915346735
ep20148,30.311871915346735
ep20149,41.22202241015
ep20150,39.80980218604849
ep20151,-13.994164535871148
ep20152,-13.994164535871148
ep20153,-13.994164535871148
ep20154,39.80980218604849
ep20155,39.80980218604849
ep20156,37.02758712254613
ep20157,30.311871915346735
ep20158,41.22202241015
ep20159,32.957730757419384
ep20160,35.65731125132067
ep20161,-13.994164535871148
ep20162,30.311871915346735
ep20163,-13.994164535871148
ep20164,32.957730757419384
ep20165,32.957730757419384
ep20166,-13.994164535871148
ep20167,37.02758712254613
ep20168,39.80980218604849
ep20169,30.311871915346735
ep20170,-13.994164535871148
ep20171,30.311871915346735
ep20172,38.41170416418801
ep20173,34.30073813880746
ep20174,31.628153449845186
ep20175,-13.994164535871148
ep20176,-13.994164535871148
ep20177,31.628153449845186
ep20178,38.41170416418801
ep20179,-13.994164535871148
ep20180,41.22202241015
ep20181,-13.994164535871148
ep20182,31.628153449845186
ep20183,39.80980218604849
ep20184,38.41170416418801
ep20185,-13.994164535871148
ep20186,31.628153449845186
ep20187,31.628153449845186
ep20188,32.957730757419384
ep20189,-13.994164535871148
ep20190,-13.994164535871148
ep20191,37.02758712254613
ep20192,34.30073813880746
ep20193,41.22202241015
ep20194,32.957730757419384
ep20195,37.02758712254613
ep20196,-13.994164535871148
ep20197,-13.994164535871148
ep20198,31.628153449845186
ep20199,30.311871915346735
ep20200,32.957730757419384
ep20201,-13.994164535871148
ep20202,35.65731125132067
ep20203,34.30073813880746
ep20204,-13.994164535871148
ep20205,37.02758712254613
ep20206,29.00875319619327
ep20207,-13.994164535871148
ep20208,-13.994164535871148
ep20209,-13.994164535871148
ep20210,38.41170416418801
ep20211,32.957730757419384
ep20212,-13.994164535871148
ep20213,-13.994164535871148
ep20214,30.311871915346735
ep20215,-13.994164535871148
ep20216,-13.994164535871148
ep20217,41.22202241015
ep20218,29.00875319619327
ep20219,-13.994164535871148
ep20220,-13.994164535871148
ep20221,-13.994164535871148
ep20222,-13.994164535871148
ep20223,-13.994164535871148
ep20224,-13.994164535871148
ep20225,-13.994164535871148
ep20226,34.30073813880746
ep20227,38.41170416418801
ep20228,29.00875319619327
ep20229,30.311871915346735
ep20230,30.311871915346735
ep20231,-13.994164535871148
ep20232,37.02758712254613
ep20233,-13.994164535871148
ep20234,-13.994164535871148
ep20235,30.311871915346735
ep20236,30.311871915346735
ep20237,30.311871915346735
ep20238,-13.994164535871148
ep20239,29.00875319619327
ep20240,-13.994164535871148
ep20241,-13.994164535871148
ep20242,37.02758712254613
ep20243,41.22202241015
ep20244,37.02758712254613
ep20245,29.00875319619327
ep20246,-13.994164535871148
ep20247,-13.994164535871148
ep20248,-13.994164535871148
ep20249,31.628153449845186
ep20250,-13.994164535871148
ep20251,32.957730757419384
ep20252,30.311871915346735
ep20253,29.00875319619327
ep20254,29.00875319619327
ep20255,-13.994164535871148
ep20256,30.311871915346735
ep20257,-13.994164535871148
ep20258,41.22202241015
ep20259,-13.994164535871148
ep20260,-13.994164535871148
ep20261,41.22202241015
ep20262,-13.994164535871148
ep20263,30.311871915346735
ep20264,32.957730757419384
ep20265,-13.994164535871148
ep20266,-13.994164535871148
ep20267,-13.994164535871148
ep20268,34.30073813880746
ep20269,30.311871915346735
ep20270,-13.994164535871148
ep20271,30.311871915346735
ep20272,34.30073813880746
ep20273,-13.994164535871148
ep20274,34.30073813880746
ep20275,-13.994164535871148
ep20276,-13.994164535871148
ep20277,37.02758712254613
ep20278,-13.994164535871148
ep20279,38.41170416418801
ep20280,-13.994164535871148
ep20281,29.00875319619327
ep20282,30.311871915346735
ep20283,39.80980218604849
ep20284,39.80980218604849
ep20285,34.30073813880746
ep20286,37.02758712254613
ep20287,30.311871915346735
ep20288,34.30073813880746
ep20289,32.957730757419384
ep20290,30.311871915346735
ep20291,-13.994164535871148
ep20292,34.30073813880746
ep20293,37.02758712254613
ep20294,-13.994164535871148
ep20295,-13.994164535871148
ep20296,31.628153449845186
ep20297,31.628153449845186
ep20298,-13.994164535871148
ep20299,32.957730757419384
ep20300,29.00875319619327
ep20301,-13.994164535871148
ep20302,-13.994164535871148
ep20303,-13.994164535871148
ep20304,32.957730757419384
ep20305,-13.994164535871148
ep20306,41.22202241015
ep20307,34.30073813880746
ep20308,31.628153449845186
ep20309,-13.994164535871148
ep20310,39.80980218604849
ep20311,30.311871915346735
ep20312,29.00875319619327
ep20313,38.41170416418801
ep20314,-13.994164535871148
ep20315,39.80980218604849
ep20316,29.00875319619327
ep20317,-13.994164535871148
ep20318,30.311871915346735
ep20319,37.02758712254613
ep20320,31.628153449845186
ep20321,-13.994164535871148
ep20322,32.957730757419384
ep20323,41.22202241015
ep20324,32.957730757419384
ep20325,-13.994164535871148
ep20326,-13.994164535871148
ep20327,32.957730757419384
ep20328,37.02758712254613
ep20329,39.80980218604849
ep20330,-13.994164535871148
ep20331,-13.994164535871148
ep20332,-13.994164535871148
ep20333,30.311871915346735
ep20334,34.30073813880746
ep20335,30.311871915346735
ep20336,-13.994164535871148
ep20337,30.311871915346735
ep20338,41.22202241015
ep20339,41.22202241015
ep20340,41.22202241015
ep20341,-13.994164535871148
ep20342,41.22202241015
ep20343,-13.994164535871148
ep20344,-13.994164535871148
ep20345,-13.994164535871148
ep20346,30.311871915346735
ep20347,34.30073813880746
ep20348,-13.994164535871148
ep20349,-13.994164535871148
ep20350,-13.994164535871148
ep20351,29.00875319619327
ep20352,37.02758712254613
ep20353,-13.994164535871148
ep20354,-13.994164535871148
ep20355,34.30073813880746
ep20356,35.65731125132067
ep20357,-13.994164535871148
ep20358,35.65731125132067
ep20359,39.80980218604849
ep20360,37.02758712254613
ep20361,31.628153449845186
ep20362,37.02758712254613
ep20363,-13.994164535871148
ep20364,-13.994164535871148
ep20365,34.30073813880746
ep20366,30.311871915346735
ep20367,41.22202241015
ep20368,-13.994164535871148
ep20369,-13.994164535871148
ep20370,32.957730757419384
ep20371,39.80980218604849
ep20372,30.311871915346735
ep20373,39.80980218604849
ep20374,37.02758712254613
ep20375,30.311871915346735
ep20376,31.628153449845186
ep20377,34.30073813880746
ep20378,32.957730757419384
ep20379,29.00875319619327
ep20380,-13.994164535871148
ep20381,37.02758712254613
ep20382,32.957730757419384
ep20383,-13.994164535871148
ep20384,38.41170416418801
ep20385,-13.994164535871148
ep20386,34.30073813880746
ep20387,-13.994164535871148
ep20388,-13.994164535871148
ep20389,32.957730757419384
ep20390,-13.994164535871148
ep20391,30.311871915346735
ep20392,-13.994164535871148
ep20393,41.22202241015
ep20394,39.80980218604849
ep20395,35.65731125132067
ep20396,38.41170416418801
ep20397,31.628153449845186
ep20398,31.628153449845186
ep20399,-13.994164535871148
ep20400,34.30073813880746
ep20401,-13.994164535871148
ep20402,-13.994164535871148
ep20403,35.65731125132067
ep20404,-13.994164535871148
ep20405,41.22202241015
ep20406,34.30073813880746
ep20407,-13.994164535871148
ep20408,-13.994164535871148
ep20409,-13.994164535871148
ep20410,34.30073813880746
ep20411,32.957730757419384
ep20412,-13.994164535871148
ep20413,30.311871915346735
ep20414,34.30073813880746
ep20415,38.41170416418801
ep20416,-13.994164535871148
ep20417,-13.994164535871148
ep20418,-13.994164535871148
ep20419,-13.994164535871148
ep20420,38.41170416418801
ep20421,-13.994164535871148
ep20422,30.311871915346735
ep20423,29.00875319619327
ep20424,-13.994164535871148
ep20425,29.00875319619327
ep20426,-13.994164535871148
ep20427,30.311871915346735
ep20428,-13.994164535871148
ep20429,-13.994164535871148
ep20430,34.30073813880746
ep20431,30.311871915346735
ep20432,-13.994164535871148
ep20433,34.30073813880746
ep20434,-13.994164535871148
ep20435,34.30073813880746
ep20436,-13.994164535871148
ep20437,32.957730757419384
ep20438,32.957730757419384
ep20439,-13.994164535871148
ep20440,-13.994164535871148
ep20441,-13.994164535871148
ep20442,35.65731125132067
ep20443,-13.994164535871148
ep20444,-13.994164535871148
ep20445,32.957730757419384
ep20446,41.22202241015
ep20447,-13.994164535871148
ep20448,30.311871915346735
ep20449,41.22202241015
ep20450,-13.994164535871148
ep20451,-13.994164535871148
ep20452,30.311871915346735
ep20453,-13.994164535871148
ep20454,-13.994164535871148
ep20455,38.41170416418801
ep20456,37.02758712254613
ep20457,39.80980218604849
ep20458,-13.994164535871148
ep20459,31.628153449845186
ep20460,39.80980218604849
ep20461,-13.994164535871148
ep20462,-13.994164535871148
ep20463,34.30073813880746
ep20464,-13.994164535871148
ep20465,-13.994164535871148
ep20466,-13.994164535871148
ep20467,-13.994164535871148
ep20468,30.311871915346735
ep20469,30.311871915346735
ep20470,41.22202241015
ep20471,-13.994164535871148
ep20472,32.957730757419384
ep20473,37.02758712254613
ep20474,32.957730757419384
ep20475,38.41170416418801
ep20476,-13.994164535871148
ep20477,32.957730757419384
ep20478,-13.994164535871148
ep20479,32.957730757419384
ep20480,-13.994164535871148
ep20481,35.65731125132067
ep20482,32.957730757419384
ep20483,32.957730757419384
ep20484,30.311871915346735
ep20485,30.311871915346735
ep20486,32.957730757419384
ep20487,37.02758712254613
ep20488,30.311871915346735
ep20489,-13.994164535871148
ep20490,39.80980218604849
ep20491,39.80980218604849
ep20492,30.311871915346735
ep20493,-13.994164535871148
ep20494,41.22202241015
ep20495,30.311871915346735
ep20496,-13.994164535871148
ep20497,34.30073813880746
ep20498,32.957730757419384
ep20499,-13.994164535871148
ep20500,-13.994164535871148
ep20501,30.311871915346735
ep20502,31.628153449845186
ep20503,-13.994164535871148
ep20504,31.628153449845186
ep20505,35.65731125132067
ep20506,41.22202241015
ep20507,-13.994164535871148
ep20508,37.02758712254613
ep20509,-13.994164535871148
ep20510,32.957730757419384
ep20511,-13.994164535871148
ep20512,31.628153449845186
ep20513,32.957730757419384
ep20514,-13.994164535871148
ep20515,37.02758712254613
ep20516,37.02758712254613
ep20517,-13.994164535871148
ep20518,38.41170416418801
ep20519,-13.994164535871148
ep20520,32.957730757419384
ep20521,-13.994164535871148
ep20522,-13.994164535871148
ep20523,31.628153449845186
ep20524,-13.994164535871148
ep20525,-13.994164535871148
ep20526,37.02758712254613
ep20527,-13.994164535871148
ep20528,31.628153449845186
ep20529,34.30073813880746
ep20530,37.02758712254613
ep20531,-13.994164535871148
ep20532,-13.994164535871148
ep20533,32.957730757419384
ep20534,37.02758712254613
ep20535,31.628153449845186
ep20536,-13.994164535871148
ep20537,-13.994164535871148
ep20538,38.41170416418801
ep20539,-13.994164535871148
ep20540,41.22202241015
ep20541,-13.994164535871148
ep20542,41.22202241015
ep20543,-13.994164535871148
ep20544,-13.994164535871148
ep20545,-13.994164535871148
ep20546,41.22202241015
ep20547,30.311871915346735
ep20548,-13.994164535871148
ep20549,29.00875319619327
ep20550,30.311871915346735
ep20551,38.41170416418801
ep20552,30.311871915346735
ep20553,37.02758712254613
ep20554,-13.994164535871148
ep20555,-13.994164535871148
ep20556,-13.994164535871148
ep20557,-13.994164535871148
ep20558,30.311871915346735
ep20559,-13.994164535871148
ep20560,34.30073813880746
ep20561,-13.994164535871148
ep20562,38.41170416418801
ep20563,30.311871915346735
ep20564,41.22202241015
ep20565,39.80980218604849
ep20566,-13.994164535871148
ep20567,-13.994164535871148
ep20568,-13.994164535871148
ep20569,-13.994164535871148
ep20570,32.957730757419384
ep20571,-13.994164535871148
ep20572,-13.994164535871148
ep20573,37.02758712254613
ep20574,-13.994164535871148
ep20575,29.00875319619327
ep20576,34.30073813880746
ep20577,35.65731125132067
ep20578,39.80980218604849
ep20579,-13.994164535871148
ep20580,39.80980218604849
ep20581,29.00875319619327
ep20582,32.957730757419384
ep20583,30.311871915346735
ep20584,32.957730757419384
ep20585,41.22202241015
ep20586,-13.994164535871148
ep20587,35.65731125132067
ep20588,41.22202241015
ep20589,37.02758712254613
ep20590,38.41170416418801
ep20591,37.02758712254613
ep20592,41.22202241015
ep20593,34.30073813880746
ep20594,-13.994164535871148
ep20595,-13.994164535871148
ep20596,34.30073813880746
ep20597,-13.994164535871148
ep20598,34.30073813880746
ep20599,-13.994164535871148
ep20600,32.957730757419384
ep20601,-13.994164535871148
ep20602,32.957730757419384
ep20603,30.311871915346735
ep20604,31.628153449845186
ep20605,-13.994164535871148
ep20606,31.628153449845186
ep20607,30.311871915346735
ep20608,-13.994164535871148
ep20609,38.41170416418801
ep20610,35.65731125132067
ep20611,30.311871915346735
ep20612,-13.994164535871148
ep20613,29.00875319619327
ep20614,31.628153449845186
ep20615,37.02758712254613
ep20616,32.957730757419384
ep20617,32.957730757419384
ep20618,35.65731125132067
ep20619,31.628153449845186
ep20620,-13.994164535871148
ep20621,34.30073813880746
ep20622,-13.994164535871148
ep20623,37.02758712254613
ep20624,35.65731125132067
ep20625,29.00875319619327
ep20626,34.30073813880746
ep20627,-13.994164535871148
ep20628,32.957730757419384
ep20629,38.41170416418801
ep20630,-13.994164535871148
ep20631,-13.994164535871148
ep20632,-13.994164535871148
ep20633,30.311871915346735
ep20634,30.311871915346735
ep20635,-13.994164535871148
ep20636,34.30073813880746
ep20637,-13.994164535871148
ep20638,30.311871915346735
ep20639,-13.994164535871148
ep20640,34.30073813880746
ep20641,30.311871915346735
ep20642,-13.994164535871148
ep20643,-13.994164535871148
ep20644,-13.994164535871148
ep20645,-13.994164535871148
ep20646,-13.994164535871148
ep20647,31.628153449845186
ep20648,34.30073813880746
ep20649,32.957730757419384
ep20650,39.80980218604849
ep20651,-13.994164535871148
ep20652,29.00875319619327
ep20653,32.957730757419384
ep20654,32.957730757419384
ep20655,34.30073813880746
ep20656,30.311871915346735
ep20657,32.957730757419384
ep20658,-13.994164535871148
ep20659,37.02758712254613
ep20660,-13.994164535871148
ep20661,35.65731125132067
ep20662,38.41170416418801
ep20663,39.80980218604849
ep20664,35.65731125132067
ep20665,30.311871915346735
ep20666,37.02758712254613
ep20667,-13.994164535871148
ep20668,-13.994164535871148
ep20669,30.311871915346735
ep20670,-13.994164535871148
ep20671,-13.994164535871148
ep20672,-13.994164535871148
ep20673,38.41170416418801
ep20674,-13.994164535871148
ep20675,-13.994164535871148
ep20676,-13.994164535871148
ep20677,35.65731125132067
ep20678,30.311871915346735
ep20679,-13.994164535871148
ep20680,35.65731125132067
ep20681,-13.994164535871148
ep20682,-13.994164535871148
ep20683,-13.994164535871148
ep20684,37.02758712254613
ep20685,39.80980218604849
ep20686,-13.994164535871148
ep20687,31.628153449845186
ep20688,30.311871915346735
ep20689,-13.994164535871148
ep20690,-13.994164535871148
ep20691,-13.994164535871148
ep20692,37.02758712254613
ep20693,31.628153449845186
ep20694,-13.994164535871148
ep20695,-13.994164535871148
ep20696,-13.994164535871148
ep20697,30.311871915346735
ep20698,-13.994164535871148
ep20699,37.02758712254613
ep20700,-13.994164535871148
ep20701,39.80980218604849
ep20702,-13.994164535871148
ep20703,34.30073813880746
ep20704,-13.994164535871148
ep20705,-13.994164535871148
ep20706,34.30073813880746
ep20707,32.957730757419384
ep20708,32.957730757419384
ep20709,32.957730757419384
ep20710,-13.994164535871148
ep20711,34.30073813880746
ep20712,29.00875319619327
ep20713,-13.994164535871148
ep20714,29.00875319619327
ep20715,-13.994164535871148
ep20716,38.41170416418801
ep20717,35.65731125132067
ep20718,-13.994164535871148
ep20719,31.628153449845186
ep20720,-13.994164535871148
ep20721,38.41170416418801
ep20722,-13.994164535871148
ep20723,29.00875319619327
ep20724,34.30073813880746
ep20725,37.02758712254613
ep20726,30.311871915346735
ep20727,32.957730757419384
ep20728,-13.994164535871148
ep20729,30.311871915346735
ep20730,34.30073813880746
ep20731,32.957730757419384
ep20732,-13.994164535871148
ep20733,31.628153449845186
ep20734,32.957730757419384
ep20735,-13.994164535871148
ep20736,31.628153449845186
ep20737,-13.994164535871148
ep20738,-13.994164535871148
ep20739,30.311871915346735
ep20740,35.65731125132067
ep20741,34.30073813880746
ep20742,-13.994164535871148
ep20743,31.628153449845186
ep20744,-13.994164535871148
ep20745,29.00875319619327
ep20746,30.311871915346735
ep20747,-13.994164535871148
ep20748,-13.994164535871148
ep20749,35.65731125132067
ep20750,37.02758712254613
ep20751,-13.994164535871148
ep20752,41.22202241015
ep20753,32.957730757419384
ep20754,-13.994164535871148
ep20755,31.628153449845186
ep20756,-13.994164535871148
ep20757,-13.994164535871148
ep20758,-13.994164535871148
ep20759,-13.994164535871148
ep20760,30.311871915346735
ep20761,-13.994164535871148
ep20762,30.311871915346735
ep20763,-13.994164535871148
ep20764,31.628153449845186
ep20765,-13.994164535871148
ep20766,38.41170416418801
ep20767,-13.994164535871148
ep20768,-13.994164535871148
ep20769,31.628153449845186
ep20770,-13.994164535871148
ep20771,34.30073813880746
ep20772,34.30073813880746
ep20773,-13.994164535871148
ep20774,-13.994164535871148
ep20775,-13.994164535871148
ep20776,39.80980218604849
ep20777,-13.994164535871148
ep20778,31.628153449845186
ep20779,-13.994164535871148
ep20780,-13.994164535871148
ep20781,35.65731125132067
ep20782,34.30073813880746
ep20783,-13.994164535871148
ep20784,30.311871915346735
ep20785,31.628153449845186
ep20786,39.80980218604849
ep20787,-13.994164535871148
ep20788,31.628153449845186
ep20789,32.957730757419384
ep20790,-13.994164535871148
ep20791,-13.994164535871148
ep20792,30.311871915346735
ep20793,-13.994164535871148
ep20794,30.311871915346735
ep20795,31.628153449845186
ep20796,39.80980218604849
ep20797,31.628153449845186
ep20798,-13.994164535871148
ep20799,39.80980218604849
ep20800,30.311871915346735
ep20801,-13.994164535871148
ep20802,41.22202241015
ep20803,-13.994164535871148
ep20804,-13.994164535871148
ep20805,31.628153449845186
ep20806,-13.994164535871148
ep20807,-13.994164535871148
ep20808,35.65731125132067
ep20809,-13.994164535871148
ep20810,-13.994164535871148
ep20811,29.00875319619327
ep20812,32.957730757419384
ep20813,-13.994164535871148
ep20814,29.00875319619327
ep20815,-13.994164535871148
ep20816,-13.994164535871148
ep20817,32.957730757419384
ep20818,31.628153449845186
ep20819,-13.994164535871148
ep20820,30.311871915346735
ep20821,34.30073813880746
ep20822,39.80980218604849
ep20823,30.311871915346735
ep20824,29.00875319619327
ep20825,37.02758712254613
ep20826,30.311871915346735
ep20827,32.957730757419384
ep20828,-13.994164535871148
ep20829,37.02758712254613
ep20830,41.22202241015
ep20831,-13.994164535871148
ep20832,-13.994164535871148
ep20833,-13.994164535871148
ep20834,-13.994164535871148
ep20835,-13.994164535871148
ep20836,32.957730757419384
ep20837,-13.994164535871148
ep20838,32.957730757419384
ep20839,32.957730757419384
ep20840,-13.994164535871148
ep20841,30.311871915346735
ep20842,37.02758712254613
ep20843,-13.994164535871148
ep20844,-13.994164535871148
ep20845,-13.994164535871148
ep20846,31.628153449845186
ep20847,32.957730757419384
ep20848,-13.994164535871148
ep20849,-13.994164535871148
ep20850,32.957730757419384
ep20851,-13.994164535871148
ep20852,-13.994164535871148
ep20853,39.80980218604849
ep20854,30.311871915346735
ep20855,34.30073813880746
ep20856,31.628153449845186
ep20857,30.311871915346735
ep20858,32.957730757419384
ep20859,35.65731125132067
ep20860,-13.994164535871148
ep20861,37.02758712254613
ep20862,-13.994164535871148
ep20863,-13.994164535871148
ep20864,-13.994164535871148
ep20865,34.30073813880746
ep20866,-13.994164535871148
ep20867,32.957730757419384
ep20868,39.80980218604849
ep20869,-13.994164535871148
ep20870,-13.994164535871148
ep20871,-13.994164535871148
ep20872,37.02758712254613
ep20873,-13.994164535871148
ep20874,35.65731125132067
ep20875,31.628153449845186
ep20876,-13.994164535871148
ep20877,-13.994164535871148
ep20878,39.80980218604849
ep20879,-13.994164535871148
ep20880,34.30073813880746
ep20881,29.00875319619327
ep20882,-13.994164535871148
ep20883,31.628153449845186
ep20884,30.311871915346735
ep20885,31.628153449845186
ep20886,41.22202241015
ep20887,35.65731125132067
ep20888,-13.994164535871148
ep20889,-13.994164535871148
ep20890,-13.994164535871148
ep20891,31.628153449845186
ep20892,-13.994164535871148
ep20893,-13.994164535871148
ep20894,30.311871915346735
ep20895,-13.994164535871148
ep20896,30.311871915346735
ep20897,31.628153449845186
ep20898,-13.994164535871148
ep20899,-13.994164535871148
ep20900,30.311871915346735
ep20901,-13.994164535871148
ep20902,-13.994164535871148
ep20903,37.02758712254613
ep20904,31.628153449845186
ep20905,29.00875319619327
ep20906,37.02758712254613
ep20907,34.30073813880746
ep20908,-13.994164535871148
ep20909,37.02758712254613
ep20910,-13.994164535871148
ep20911,30.311871915346735
ep20912,37.02758712254613
ep20913,-13.994164535871148
ep20914,39.80980218604849
ep20915,-13.994164535871148
ep20916,-13.994164535871148
ep20917,34.30073813880746
ep20918,34.30073813880746
ep20919,32.957730757419384
ep20920,-13.994164535871148
ep20921,-13.994164535871148
ep20922,32.957730757419384
ep20923,34.30073813880746
ep20924,-13.994164535871148
ep20925,37.02758712254613
ep20926,-13.994164535871148
ep20927,-13.994164535871148
ep20928,32.957730757419384
ep20929,-13.994164535871148
ep20930,29.00875319619327
ep20931,34.30073813880746
ep20932,32.957730757419384
ep20933,30.311871915346735
ep20934,-13.994164535871148
ep20935,34.30073813880746
ep20936,37.02758712254613
ep20937,-13.994164535871148
ep20938,29.00875319619327
ep20939,-13.994164535871148
ep20940,35.65731125132067
ep20941,30.311871915346735
ep20942,-13.994164535871148
ep20943,30.311871915346735
ep20944,-13.994164535871148
ep20945,32.957730757419384
ep20946,31.628153449845186
ep20947,30.311871915346735
ep20948,41.22202241015
ep20949,-13.994164535871148
ep20950,-13.994164535871148
ep20951,-13.994164535871148
ep20952,35.65731125132067
ep20953,38.41170416418801
ep20954,-13.994164535871148
ep20955,37.02758712254613
ep20956,-13.994164535871148
ep20957,-13.994164535871148
ep20958,-13.994164535871148
ep20959,-13.994164535871148
ep20960,30.311871915346735
ep20961,-13.994164535871148
ep20962,-13.994164535871148
ep20963,34.30073813880746
ep20964,-13.994164535871148
ep20965,31.628153449845186
ep20966,-13.994164535871148
ep20967,-13.994164535871148
ep20968,-13.994164535871148
ep20969,30.311871915346735
ep20970,-13.994164535871148
ep20971,32.957730757419384
ep20972,-13.994164535871148
ep20973,-13.994164535871148
ep20974,-13.994164535871148
ep20975,-13.994164535871148
ep20976,37.02758712254613
ep20977,31.628153449845186
ep20978,-13.994164535871148
ep20979,-13.994164535871148
ep20980,32.957730757419384
ep20981,41.22202241015
ep20982,-13.994164535871148
ep20983,30.311871915346735
ep20984,41.22202241015
ep20985,37.02758712254613
ep20986,-13.994164535871148
ep20987,38.41170416418801
ep20988,-13.994164535871148
ep20989,-13.994164535871148
ep20990,31.628153449845186
ep20991,35.65731125132067
ep20992,-13.994164535871148
ep20993,-13.994164535871148
ep20994,-13.994164535871148
ep20995,30.311871915346735
ep20996,-13.994164535871148
ep20997,30.311871915346735
ep20998,31.628153449845186
ep20999,32.957730757419384
ep21000,30.311871915346735
ep21001,38.41170416418801
ep21002,30.311871915346735
ep21003,35.65731125132067
ep21004,-13.994164535871148
ep21005,29.00875319619327
ep21006,-13.994164535871148
ep21007,-13.994164535871148
ep21008,-13.994164535871148
ep21009,31.628153449845186
ep21010,-13.994164535871148
ep21011,32.957730757419384
ep21012,-13.994164535871148
ep21013,-13.994164535871148
ep21014,39.80980218604849
ep21015,-13.994164535871148
ep21016,-13.994164535871148
ep21017,-13.994164535871148
ep21018,-13.994164535871148
ep21019,-13.994164535871148
ep21020,-13.994164535871148
ep21021,30.311871915346735
ep21022,31.628153449845186
ep21023,32.957730757419384
ep21024,-13.994164535871148
ep21025,29.00875319619327
ep21026,-13.994164535871148
ep21027,29.00875319619327
ep21028,37.02758712254613
ep21029,32.957730757419384
ep21030,-13.994164535871148
ep21031,32.957730757419384
ep21032,41.22202241015
ep21033,-13.994164535871148
ep21034,39.80980218604849
ep21035,-13.994164535871148
ep21036,-13.994164535871148
ep21037,-13.994164535871148
ep21038,-13.994164535871148
ep21039,-13.994164535871148
ep21040,30.311871915346735
ep21041,30.311871915346735
ep21042,38.41170416418801
ep21043,29.00875319619327
ep21044,34.30073813880746
ep21045,-13.994164535871148
ep21046,32.957730757419384
ep21047,-13.994164535871148
ep21048,32.957730757419384
ep21049,-13.994164535871148
ep21050,-13.994164535871148
ep21051,32.957730757419384
ep21052,34.30073813880746
ep21053,30.311871915346735
ep21054,32.957730757419384
ep21055,30.311871915346735
ep21056,-13.994164535871148
ep21057,37.02758712254613
ep21058,32.957730757419384
ep21059,-13.994164535871148
ep21060,-13.994164535871148
ep21061,34.30073813880746
ep21062,32.957730757419384
ep21063,41.22202241015
ep21064,-13.994164535871148
ep21065,34.30073813880746
ep21066,31.628153449845186
ep21067,-13.994164535871148
ep21068,29.00875319619327
ep21069,-13.994164535871148
ep21070,31.628153449845186
ep21071,-13.994164535871148
ep21072,38.41170416418801
ep21073,29.00875319619327
ep21074,31.628153449845186
ep21075,-13.994164535871148
ep21076,37.02758712254613
ep21077,31.628153449845186
ep21078,-13.994164535871148
ep21079,-13.994164535871148
ep21080,34.30073813880746
ep21081,41.22202241015
ep21082,39.80980218604849
ep21083,-13.994164535871148
ep21084,-13.994164535871148
ep21085,-13.994164535871148
ep21086,38.41170416418801
ep21087,38.41170416418801
ep21088,-13.994164535871148
ep21089,-13.994164535871148
ep21090,34.30073813880746
ep21091,-13.994164535871148
ep21092,-13.994164535871148
ep21093,34.30073813880746
ep21094,32.957730757419384
ep21095,-13.994164535871148
ep21096,-13.994164535871148
ep21097,30.311871915346735
ep21098,-13.994164535871148
ep21099,-13.994164535871148
ep21100,-13.994164535871148
ep21101,-13.994164535871148
ep21102,32.957730757419384
ep21103,34.30073813880746
ep21104,-13.994164535871148
ep21105,-13.994164535871148
ep21106,-13.994164535871148
ep21107,37.02758712254613
ep21108,41.22202241015
ep21109,-13.994164535871148
ep21110,32.957730757419384
ep21111,30.311871915346735
ep21112,37.02758712254613
ep21113,31.628153449845186
ep21114,38.41170416418801
ep21115,-13.994164535871148
ep21116,35.65731125132067
ep21117,32.957730757419384
ep21118,-13.994164535871148
ep21119,35.65731125132067
ep21120,29.00875319619327
ep21121,-13.994164535871148
ep21122,-13.994164535871148
ep21123,32.957730757419384
ep21124,35.65731125132067
ep21125,32.957730757419384
ep21126,29.00875319619327
ep21127,-13.994164535871148
ep21128,39.80980218604849
ep21129,29.00875319619327
ep21130,34.30073813880746
ep21131,-13.994164535871148
ep21132,29.00875319619327
ep21133,-13.994164535871148
ep21134,38.41170416418801
ep21135,-13.994164535871148
ep21136,39.80980218604849
ep21137,32.957730757419384
ep21138,34.30073813880746
ep21139,-13.994164535871148
ep21140,30.311871915346735
ep21141,30.311871915346735
ep21142,39.80980218604849
ep21143,-13.994164535871148
ep21144,34.30073813880746
ep21145,37.02758712254613
ep21146,-13.994164535871148
ep21147,-13.994164535871148
ep21148,39.80980218604849
ep21149,35.65731125132067
ep21150,-13.994164535871148
ep21151,38.41170416418801
ep21152,-13.994164535871148
ep21153,32.957730757419384
ep21154,-13.994164535871148
ep21155,-13.994164535871148
ep21156,-13.994164535871148
ep21157,-13.994164535871148
ep21158,34.30073813880746
ep21159,32.957730757419384
ep21160,31.628153449845186
ep21161,37.02758712254613
ep21162,35.65731125132067
ep21163,-13.994164535871148
ep21164,32.957730757419384
ep21165,-13.994164535871148
ep21166,30.311871915346735
ep21167,-13.994164535871148
ep21168,37.02758712254613
ep21169,-13.994164535871148
ep21170,34.30073813880746
ep21171,39.80980218604849
ep21172,30.311871915346735
ep21173,41.22202241015
ep21174,-13.994164535871148
ep21175,-13.994164535871148
ep21176,37.02758712254613
ep21177,34.30073813880746
ep21178,30.311871915346735
ep21179,32.957730757419384
ep21180,30.311871915346735
ep21181,30.311871915346735
ep21182,-13.994164535871148
ep21183,31.628153449845186
ep21184,37.02758712254613
ep21185,29.00875319619327
ep21186,-13.994164535871148
ep21187,-13.994164535871148
ep21188,41.22202241015
ep21189,-13.994164535871148
ep21190,37.02758712254613
ep21191,30.311871915346735
ep21192,-13.994164535871148
ep21193,-13.994164535871148
ep21194,30.311871915346735
ep21195,39.80980218604849
ep21196,34.30073813880746
ep21197,41.22202241015
ep21198,32.957730757419384
ep21199,29.00875319619327
ep21200,37.02758712254613
ep21201,-13.994164535871148
ep21202,30.311871915346735
ep21203,-13.994164535871148
ep21204,37.02758712254613
ep21205,-13.994164535871148
ep21206,30.311871915346735
ep21207,41.22202241015
ep21208,31.628153449845186
ep21209,-13.994164535871148
ep21210,-13.994164535871148
ep21211,30.311871915346735
ep21212,-13.994164535871148
ep21213,-13.994164535871148
ep21214,32.957730757419384
ep21215,39.80980218604849
ep21216,-13.994164535871148
ep21217,37.02758712254613
ep21218,30.311871915346735
ep21219,-13.994164535871148
ep21220,-13.994164535871148
ep21221,30.311871915346735
ep21222,-13.994164535871148
ep21223,-13.994164535871148
ep21224,30.311871915346735
ep21225,30.311871915346735
ep21226,-13.994164535871148
ep21227,-13.994164535871148
ep21228,37.02758712254613
ep21229,29.00875319619327
ep21230,-13.994164535871148
ep21231,32.957730757419384
ep21232,32.957730757419384
ep21233,-13.994164535871148
ep21234,31.628153449845186
ep21235,38.41170416418801
ep21236,-13.994164535871148
ep21237,-13.994164535871148
ep21238,30.311871915346735
ep21239,30.311871915346735
ep21240,29.00875319619327
ep21241,-13.994164535871148
ep21242,30.311871915346735
ep21243,-13.994164535871148
ep21244,-13.994164535871148
ep21245,-13.994164535871148
ep21246,32.957730757419384
ep21247,-13.994164535871148
ep21248,-13.994164535871148
ep21249,-13.994164535871148
ep21250,29.00875319619327
ep21251,31.628153449845186
ep21252,31.628153449845186
ep21253,32.957730757419384
ep21254,-13.994164535871148
ep21255,-13.994164535871148
ep21256,-13.994164535871148
ep21257,32.957730757419384
ep21258,29.00875319619327
ep21259,32.957730757419384
ep21260,-13.994164535871148
ep21261,-13.994164535871148
ep21262,-13.994164535871148
ep21263,-13.994164535871148
ep21264,35.65731125132067
ep21265,31.628153449845186
ep21266,-13.994164535871148
ep21267,35.65731125132067
ep21268,31.628153449845186
ep21269,-13.994164535871148
ep21270,-13.994164535871148
ep21271,32.957730757419384
ep21272,-13.994164535871148
ep21273,-13.994164535871148
ep21274,-13.994164535871148
ep21275,38.41170416418801
ep21276,37.02758712254613
ep21277,30.311871915346735
ep21278,32.957730757419384
ep21279,-13.994164535871148
ep21280,-13.994164535871148
ep21281,30.311871915346735
ep21282,-13.994164535871148
ep21283,37.02758712254613
ep21284,-13.994164535871148
ep21285,-13.994164535871148
ep21286,32.957730757419384
ep21287,34.30073813880746
ep21288,30.311871915346735
ep21289,-13.994164535871148
ep21290,38.41170416418801
ep21291,34.30073813880746
ep21292,-13.994164535871148
ep21293,37.02758712254613
ep21294,34.30073813880746
ep21295,30.311871915346735
ep21296,34.30073813880746
ep21297,35.65731125132067
ep21298,35.65731125132067
ep21299,-13.994164535871148
ep21300,-13.994164535871148
ep21301,37.02758712254613
ep21302,31.628153449845186
ep21303,31.628153449845186
ep21304,-13.994164535871148
ep21305,-13.994164535871148
ep21306,30.311871915346735
ep21307,31.628153449845186
ep21308,-13.994164535871148
ep21309,-13.994164535871148
ep21310,-13.994164535871148
ep21311,-13.994164535871148
ep21312,39.80980218604849
ep21313,32.957730757419384
ep21314,32.957730757419384
ep21315,-13.994164535871148
ep21316,32.957730757419384
ep21317,32.957730757419384
ep21318,-13.994164535871148
ep21319,32.957730757419384
ep21320,-13.994164535871148
ep21321,34.30073813880746
ep21322,32.957730757419384
ep21323,-13.994164535871148
ep21324,-13.994164535871148
ep21325,-13.994164535871148
ep21326,35.65731125132067
ep21327,30.311871915346735
ep21328,37.02758712254613
ep21329,-13.994164535871148
ep21330,-13.994164535871148
ep21331,29.00875319619327
ep21332,39.80980218604849
ep21333,39.80980218604849
ep21334,32.957730757419384
ep21335,-13.994164535871148
ep21336,-13.994164535871148
ep21337,30.311871915346735
ep21338,-13.994164535871148
ep21339,-13.994164535871148
ep21340,30.311871915346735
ep21341,30.311871915346735
ep21342,30.311871915346735
ep21343,32.957730757419384
ep21344,32.957730757419384
ep21345,32.957730757419384
ep21346,-13.994164535871148
ep21347,35.65731125132067
ep21348,32.957730757419384
ep21349,-13.994164535871148
ep21350,37.02758712254613
ep21351,31.628153449845186
ep21352,-13.994164535871148
ep21353,-13.994164535871148
ep21354,-13.994164535871148
ep21355,32.957730757419384
ep21356,34.30073813880746
ep21357,-13.994164535871148
ep21358,37.02758712254613
ep21359,-13.994164535871148
ep21360,32.957730757419384
ep21361,32.957730757419384
ep21362,30.311871915346735
ep21363,-13.994164535871148
ep21364,-13.994164535871148
ep21365,30.311871915346735
ep21366,-13.994164535871148
ep21367,34.30073813880746
ep21368,-13.994164535871148
ep21369,39.80980218604849
ep21370,-13.994164535871148
ep21371,-13.994164535871148
ep21372,30.311871915346735
ep21373,34.30073813880746
ep21374,30.311871915346735
ep21375,37.02758712254613
ep21376,41.22202241015
ep21377,-13.994164535871148
ep21378,37.02758712254613
ep21379,-13.994164535871148
ep21380,-13.994164535871148
ep21381,39.80980218604849
ep21382,34.30073813880746
ep21383,-13.994164535871148
ep21384,32.957730757419384
ep21385,29.00875319619327
ep21386,31.628153449845186
ep21387,30.311871915346735
ep21388,-13.994164535871148
ep21389,34.30073813880746
ep21390,-13.994164535871148
ep21391,35.65731125132067
ep21392,-13.994164535871148
ep21393,-13.994164535871148
ep21394,32.957730757419384
ep21395,37.02758712254613
ep21396,-13.994164535871148
ep21397,-13.994164535871148
ep21398,30.311871915346735
ep21399,37.02758712254613
ep21400,-13.994164535871148
ep21401,-13.994164535871148
ep21402,-13.994164535871148
ep21403,31.628153449845186
ep21404,31.628153449845186
ep21405,30.311871915346735
ep21406,37.02758712254613
ep21407,-13.994164535871148
ep21408,-13.994164535871148
ep21409,41.22202241015
ep21410,39.80980218604849
ep21411,39.80980218604849
ep21412,30.311871915346735
ep21413,-13.994164535871148
ep21414,-13.994164535871148
ep21415,41.22202241015
ep21416,-13.994164535871148
ep21417,-13.994164535871148
ep21418,38.41170416418801
ep21419,29.00875319619327
ep21420,32.957730757419384
ep21421,39.80980218604849
ep21422,29.00875319619327
ep21423,30.311871915346735
ep21424,29.00875319619327
ep21425,-13.994164535871148
ep21426,-13.994164535871148
ep21427,29.00875319619327
ep21428,30.311871915346735
ep21429,34.30073813880746
ep21430,29.00875319619327
ep21431,-13.994164535871148
ep21432,37.02758712254613
ep21433,-13.994164535871148
ep21434,-13.994164535871148
ep21435,-13.994164535871148
ep21436,31.628153449845186
ep21437,37.02758712254613
ep21438,31.628153449845186
ep21439,-13.994164535871148
ep21440,32.957730757419384
ep21441,31.628153449845186
ep21442,-13.994164535871148
ep21443,30.311871915346735
ep21444,-13.994164535871148
ep21445,31.628153449845186
ep21446,-13.994164535871148
ep21447,-13.994164535871148
ep21448,-13.994164535871148
ep21449,34.30073813880746
ep21450,30.311871915346735
ep21451,-13.994164535871148
ep21452,35.65731125132067
ep21453,-13.994164535871148
ep21454,-13.994164535871148
ep21455,-13.994164535871148
ep21456,37.02758712254613
ep21457,30.311871915346735
ep21458,-13.994164535871148
ep21459,41.22202241015
ep21460,38.41170416418801
ep21461,30.311871915346735
ep21462,41.22202241015
ep21463,41.22202241015
ep21464,30.311871915346735
ep21465,32.957730757419384
ep21466,-13.994164535871148
ep21467,-13.994164535871148
ep21468,-13.994164535871148
ep21469,-13.994164535871148
ep21470,-13.994164535871148
ep21471,30.311871915346735
ep21472,-13.994164535871148
ep21473,-13.994164535871148
ep21474,-13.994164535871148
ep21475,-13.994164535871148
ep21476,-13.994164535871148
ep21477,32.957730757419384
ep21478,-13.994164535871148
ep21479,-13.994164535871148
ep21480,32.957730757419384
ep21481,-13.994164535871148
ep21482,31.628153449845186
ep21483,-13.994164535871148
ep21484,35.65731125132067
ep21485,32.957730757419384
ep21486,-13.994164535871148
ep21487,32.957730757419384
ep21488,-13.994164535871148
ep21489,34.30073813880746
ep21490,-13.994164535871148
ep21491,-13.994164535871148
ep21492,29.00875319619327
ep21493,32.957730757419384
ep21494,-13.994164535871148
ep21495,31.628153449845186
ep21496,-13.994164535871148
ep21497,-13.994164535871148
ep21498,-13.994164535871148
ep21499,35.65731125132067
ep21500,-13.994164535871148
ep21501,-13.994164535871148
ep21502,-13.994164535871148
ep21503,-13.994164535871148
ep21504,30.311871915346735
ep21505,34.30073813880746
ep21506,35.65731125132067
ep21507,39.80980218604849
ep21508,31.628153449845186
ep21509,37.02758712254613
ep21510,37.02758712254613
ep21511,29.00875319619327
ep21512,32.957730757419384
ep21513,30.311871915346735
ep21514,31.628153449845186
ep21515,-13.994164535871148
ep21516,-13.994164535871148
ep21517,-13.994164535871148
ep21518,-13.994164535871148
ep21519,29.00875319619327
ep21520,30.311871915346735
ep21521,-13.994164535871148
ep21522,-13.994164535871148
ep21523,30.311871915346735
ep21524,37.02758712254613
ep21525,30.311871915346735
ep21526,31.628153449845186
ep21527,-13.994164535871148
ep21528,-13.994164535871148
ep21529,-13.994164535871148
ep21530,-13.994164535871148
ep21531,-13.994164535871148
ep21532,30.311871915346735
ep21533,30.311871915346735
ep21534,37.02758712254613
ep21535,-13.994164535871148
ep21536,39.80980218604849
ep21537,-13.994164535871148
ep21538,29.00875319619327
ep21539,-13.994164535871148
ep21540,-13.994164535871148
ep21541,-13.994164535871148
ep21542,-13.994164535871148
ep21543,-13.994164535871148
ep21544,32.957730757419384
ep21545,35.65731125132067
ep21546,30.311871915346735
ep21547,29.00875319619327
ep21548,30.311871915346735
ep21549,-13.994164535871148
ep21550,30.311871915346735
ep21551,-13.994164535871148
ep21552,-13.994164535871148
ep21553,-13.994164535871148
ep21554,34.30073813880746
ep21555,-13.994164535871148
ep21556,39.80980218604849
ep21557,30.311871915346735
ep21558,-13.994164535871148
ep21559,37.02758712254613
ep21560,29.00875319619327
ep21561,-13.994164535871148
ep21562,-13.994164535871148
ep21563,31.628153449845186
ep21564,-13.994164535871148
ep21565,41.22202241015
ep21566,41.22202241015
ep21567,-13.994164535871148
ep21568,37.02758712254613
ep21569,30.311871915346735
ep21570,38.41170416418801
ep21571,30.311871915346735
ep21572,31.628153449845186
ep21573,-13.994164535871148
ep21574,39.80980218604849
ep21575,-13.994164535871148
ep21576,-13.994164535871148
ep21577,-13.994164535871148
ep21578,-13.994164535871148
ep21579,30.311871915346735
ep21580,35.65731125132067
ep21581,-13.994164535871148
ep21582,-13.994164535871148
ep21583,30.311871915346735
ep21584,30.311871915346735
ep21585,37.02758712254613
ep21586,30.311871915346735
ep21587,32.957730757419384
ep21588,-13.994164535871148
ep21589,34.30073813880746
ep21590,34.30073813880746
ep21591,-13.994164535871148
ep21592,-13.994164535871148
ep21593,29.00875319619327
ep21594,-13.994164535871148
ep21595,32.957730757419384
ep21596,30.311871915346735
ep21597,-13.994164535871148
ep21598,32.957730757419384
ep21599,37.02758712254613
ep21600,30.311871915346735
ep21601,-13.994164535871148
ep21602,34.30073813880746
ep21603,41.22202241015
ep21604,-13.994164535871148
ep21605,30.311871915346735
ep21606,29.00875319619327
ep21607,-13.994164535871148
ep21608,31.628153449845186
ep21609,39.80980218604849
ep21610,-13.994164535871148
ep21611,31.628153449845186
ep21612,30.311871915346735
ep21613,35.65731125132067
ep21614,37.02758712254613
ep21615,-13.994164535871148
ep21616,-13.994164535871148
ep21617,30.311871915346735
ep21618,-13.994164535871148
ep21619,-13.994164535871148
ep21620,30.311871915346735
ep21621,-13.994164535871148
ep21622,-13.994164535871148
ep21623,38.41170416418801
ep21624,29.00875319619327
ep21625,39.80980218604849
ep21626,34.30073813880746
ep21627,-13.994164535871148
ep21628,31.628153449845186
ep21629,30.311871915346735
ep21630,-13.994164535871148
ep21631,-13.994164535871148
ep21632,30.311871915346735
ep21633,38.41170416418801
ep21634,31.628153449845186
ep21635,37.02758712254613
ep21636,-13.994164535871148
ep21637,-13.994164535871148
ep21638,-13.994164535871148
ep21639,-13.994164535871148
ep21640,31.628153449845186
ep21641,31.628153449845186
ep21642,34.30073813880746
ep21643,38.41170416418801
ep21644,-13.994164535871148
ep21645,-13.994164535871148
ep21646,31.628153449845186
ep21647,41.22202241015
ep21648,-13.994164535871148
ep21649,-13.994164535871148
ep21650,-13.994164535871148
ep21651,32.957730757419384
ep21652,30.311871915346735
ep21653,-13.994164535871148
ep21654,35.65731125132067
ep21655,-13.994164535871148
ep21656,30.311871915346735
ep21657,-13.994164535871148
ep21658,34.30073813880746
ep21659,41.22202241015
ep21660,30.311871915346735
ep21661,30.311871915346735
ep21662,32.957730757419384
ep21663,32.957730757419384
ep21664,30.311871915346735
ep21665,-13.994164535871148
ep21666,-13.994164535871148
ep21667,-13.994164535871148
ep21668,-13.994164535871148
ep21669,-13.994164535871148
ep21670,30.311871915346735
ep21671,39.80980218604849
ep21672,38.41170416418801
ep21673,-13.994164535871148
ep21674,-13.994164535871148
ep21675,37.02758712254613
ep21676,38.41170416418801
ep21677,-13.994164535871148
ep21678,34.30073813880746
ep21679,-13.994164535871148
ep21680,34.30073813880746
ep21681,-13.994164535871148
ep21682,31.628153449845186
ep21683,35.65731125132067
ep21684,35.65731125132067
ep21685,30.311871915346735
ep21686,30.311871915346735
ep21687,34.30073813880746
ep21688,-13.994164535871148
ep21689,-13.994164535871148
ep21690,31.628153449845186
ep21691,-13.994164535871148
ep21692,-13.994164535871148
ep21693,37.02758712254613
ep21694,-13.994164535871148
ep21695,30.311871915346735
ep21696,-13.994164535871148
ep21697,31.628153449845186
ep21698,31.628153449845186
ep21699,30.311871915346735
ep21700,38.41170416418801
ep21701,34.30073813880746
ep21702,-13.994164535871148
ep21703,-13.994164535871148
ep21704,-13.994164535871148
ep21705,-13.994164535871148
ep21706,-13.994164535871148
ep21707,29.00875319619327
ep21708,-13.994164535871148
ep21709,37.02758712254613
ep21710,-13.994164535871148
ep21711,-13.994164535871148
ep21712,30.311871915346735
ep21713,30.311871915346735
ep21714,-13.994164535871148
ep21715,31.628153449845186
ep21716,32.957730757419384
ep21717,30.311871915346735
ep21718,-13.994164535871148
ep21719,30.311871915346735
ep21720,35.65731125132067
ep21721,-13.994164535871148
ep21722,-13.994164535871148
ep21723,32.957730757419384
ep21724,37.02758712254613
ep21725,-13.994164535871148
ep21726,29.00875319619327
ep21727,35.65731125132067
ep21728,-13.994164535871148
ep21729,-13.994164535871148
ep21730,34.30073813880746
ep21731,34.30073813880746
ep21732,34.30073813880746
ep21733,34.30073813880746
ep21734,32.957730757419384
ep21735,-13.994164535871148
ep21736,34.30073813880746
ep21737,-13.994164535871148
ep21738,-13.994164535871148
ep21739,39.80980218604849
ep21740,30.311871915346735
ep21741,37.02758712254613
ep21742,32.957730757419384
ep21743,37.02758712254613
ep21744,32.957730757419384
ep21745,31.628153449845186
ep21746,30.311871915346735
ep21747,-13.994164535871148
ep21748,39.80980218604849
ep21749,-13.994164535871148
ep21750,30.311871915346735
ep21751,37.02758712254613
ep21752,-13.994164535871148
ep21753,30.311871915346735
ep21754,30.311871915346735
ep21755,-13.994164535871148
ep21756,31.628153449845186
ep21757,-13.994164535871148
ep21758,-13.994164535871148
ep21759,29.00875319619327
ep21760,30.311871915346735
ep21761,-13.994164535871148
ep21762,30.311871915346735
ep21763,-13.994164535871148
ep21764,-13.994164535871148
ep21765,-13.994164535871148
ep21766,-13.994164535871148
ep21767,34.30073813880746
ep21768,-13.994164535871148
ep21769,30.311871915346735
ep21770,30.311871915346735
ep21771,30.311871915346735
ep21772,31.628153449845186
ep21773,30.311871915346735
ep21774,32.957730757419384
ep21775,-13.994164535871148
ep21776,30.311871915346735
ep21777,39.80980218604849
ep21778,-13.994164535871148
ep21779,38.41170416418801
ep21780,-13.994164535871148
ep21781,-13.994164535871148
ep21782,-13.994164535871148
ep21783,-13.994164535871148
ep21784,-13.994164535871148
ep21785,37.02758712254613
ep21786,37.02758712254613
ep21787,38.41170416418801
ep21788,30.311871915346735
ep21789,34.30073813880746
ep21790,-13.994164535871148
ep21791,32.957730757419384
ep21792,-13.994164535871148
ep21793,-13.994164535871148
ep21794,-13.994164535871148
ep21795,-13.994164535871148
ep21796,30.311871915346735
ep21797,-13.994164535871148
ep21798,30.311871915346735
ep21799,-13.994164535871148
ep21800,-13.994164535871148
ep21801,32.957730757419384
ep21802,38.41170416418801
ep21803,32.957730757419384
ep21804,31.628153449845186
ep21805,39.80980218604849
ep21806,-13.994164535871148
ep21807,29.00875319619327
ep21808,32.957730757419384
ep21809,29.00875319619327
ep21810,30.311871915346735
ep21811,-13.994164535871148
ep21812,29.00875319619327
ep21813,-13.994164535871148
ep21814,37.02758712254613
ep21815,34.30073813880746
ep21816,32.957730757419384
ep21817,34.30073813880746
ep21818,30.311871915346735
ep21819,-13.994164535871148
ep21820,30.311871915346735
ep21821,-13.994164535871148
ep21822,-13.994164535871148
ep21823,-13.994164535871148
ep21824,38.41170416418801
ep21825,35.65731125132067
ep21826,39.80980218604849
ep21827,-13.994164535871148
ep21828,37.02758712254613
ep21829,-13.994164535871148
ep21830,-13.994164535871148
ep21831,-13.994164535871148
ep21832,32.957730757419384
ep21833,-13.994164535871148
ep21834,-13.994164535871148
ep21835,-13.994164535871148
ep21836,31.628153449845186
ep21837,29.00875319619327
ep21838,-13.994164535871148
ep21839,37.02758712254613
ep21840,30.311871915346735
ep21841,37.02758712254613
ep21842,-13.994164535871148
ep21843,39.80980218604849
ep21844,-13.994164535871148
ep21845,-13.994164535871148
ep21846,-13.994164535871148
ep21847,-13.994164535871148
ep21848,30.311871915346735
ep21849,30.311871915346735
ep21850,30.311871915346735
ep21851,32.957730757419384
ep21852,-13.994164535871148
ep21853,29.00875319619327
ep21854,37.02758712254613
ep21855,29.00875319619327
ep21856,30.311871915346735
ep21857,34.30073813880746
ep21858,37.02758712254613
ep21859,-13.994164535871148
ep21860,34.30073813880746
ep21861,-13.994164535871148
ep21862,-13.994164535871148
ep21863,-13.994164535871148
ep21864,38.41170416418801
ep21865,41.22202241015
ep21866,-13.994164535871148
ep21867,-13.994164535871148
ep21868,38.41170416418801
ep21869,34.30073813880746
ep21870,-13.994164535871148
ep21871,32.957730757419384
ep21872,30.311871915346735
ep21873,37.02758712254613
ep21874,32.957730757419384
ep21875,-13.994164535871148
ep21876,39.80980218604849
ep21877,39.80980218604849
ep21878,-13.994164535871148
ep21879,34.30073813880746
ep21880,-13.994164535871148
ep21881,31.628153449845186
ep21882,-13.994164535871148
ep21883,-13.994164535871148
ep21884,39.80980218604849
ep21885,32.957730757419384
ep21886,38.41170416418801
ep21887,-13.994164535871148
ep21888,32.957730757419384
ep21889,30.311871915346735
ep21890,34.30073813880746
ep21891,32.957730757419384
ep21892,32.957730757419384
ep21893,34.30073813880746
ep21894,-13.994164535871148
ep21895,-13.994164535871148
ep21896,30.311871915346735
ep21897,30.311871915346735
ep21898,29.00875319619327
ep21899,30.311871915346735
ep21900,-13.994164535871148
ep21901,32.957730757419384
ep21902,30.311871915346735
ep21903,31.628153449845186
ep21904,37.02758712254613
ep21905,34.30073813880746
ep21906,-13.994164535871148
ep21907,34.30073813880746
ep21908,-13.994164535871148
ep21909,29.00875319619327
ep21910,35.65731125132067
ep21911,37.02758712254613
ep21912,37.02758712254613
ep21913,34.30073813880746
ep21914,31.628153449845186
ep21915,-13.994164535871148
ep21916,30.311871915346735
ep21917,30.311871915346735
ep21918,-13.994164535871148
ep21919,32.957730757419384
ep21920,-13.994164535871148
ep21921,-13.994164535871148
ep21922,-13.994164535871148
ep21923,-13.994164535871148
ep21924,37.02758712254613
ep21925,34.30073813880746
ep21926,-13.994164535871148
ep21927,30.311871915346735
ep21928,39.80980218604849
ep21929,-13.994164535871148
ep21930,39.80980218604849
ep21931,30.311871915346735
ep21932,34.30073813880746
ep21933,-13.994164535871148
ep21934,30.311871915346735
ep21935,-13.994164535871148
ep21936,-13.994164535871148
ep21937,37.02758712254613
ep21938,-13.994164535871148
ep21939,39.80980218604849
ep21940,-13.994164535871148
ep21941,37.02758712254613
ep21942,41.22202241015
ep21943,34.30073813880746
ep21944,-13.994164535871148
ep21945,-13.994164535871148
ep21946,31.628153449845186
ep21947,-13.994164535871148
ep21948,37.02758712254613
ep21949,-13.994164535871148
ep21950,-13.994164535871148
ep21951,-13.994164535871148
ep21952,-13.994164535871148
ep21953,34.30073813880746
ep21954,32.957730757419384
ep21955,-13.994164535871148
ep21956,32.957730757419384
ep21957,-13.994164535871148
ep21958,32.957730757419384
ep21959,37.02758712254613
ep21960,31.628153449845186
ep21961,-13.994164535871148
ep21962,-13.994164535871148
ep21963,37.02758712254613
ep21964,30.311871915346735
ep21965,-13.994164535871148
ep21966,-13.994164535871148
ep21967,30.311871915346735
ep21968,-13.994164535871148
ep21969,-13.994164535871148
ep21970,32.957730757419384
ep21971,34.30073813880746
ep21972,39.80980218604849
ep21973,29.00875319619327
ep21974,-13.994164535871148
ep21975,30.311871915346735
ep21976,-13.994164535871148
ep21977,-13.994164535871148
ep21978,-13.994164535871148
ep21979,30.311871915346735
ep21980,32.957730757419384
ep21981,-13.994164535871148
ep21982,-13.994164535871148
ep21983,32.957730757419384
ep21984,-13.994164535871148
ep21985,-13.994164535871148
ep21986,30.311871915346735
ep21987,30.311871915346735
ep21988,37.02758712254613
ep21989,37.02758712254613
ep21990,32.957730757419384
ep21991,-13.994164535871148
ep21992,30.311871915346735
ep21993,-13.994164535871148
ep21994,-13.994164535871148
ep21995,34.30073813880746
ep21996,-13.994164535871148
ep21997,-13.994164535871148
ep21998,29.00875319619327
ep21999,31.628153449845186
ep22000,-13.994164535871148
ep22001,31.628153449845186
ep22002,-13.994164535871148
ep22003,-13.994164535871148
ep22004,-13.994164535871148
ep22005,32.957730757419384
ep22006,-13.994164535871148
ep22007,39.80980218604849
ep22008,-13.994164535871148
ep22009,-13.994164535871148
ep22010,34.30073813880746
ep22011,32.957730757419384
ep22012,-13.994164535871148
ep22013,30.311871915346735
ep22014,-13.994164535871148
ep22015,-13.994164535871148
ep22016,-13.994164535871148
ep22017,-13.994164535871148
ep22018,32.957730757419384
ep22019,37.02758712254613
ep22020,35.65731125132067
ep22021,-13.994164535871148
ep22022,34.30073813880746
ep22023,-13.994164535871148
ep22024,-13.994164535871148
ep22025,35.65731125132067
ep22026,-13.994164535871148
ep22027,39.80980218604849
ep22028,39.80980218604849
ep22029,-13.994164535871148
ep22030,-13.994164535871148
ep22031,38.41170416418801
ep22032,-13.994164535871148
ep22033,30.311871915346735
ep22034,41.22202241015
ep22035,32.957730757419384
ep22036,30.311871915346735
ep22037,30.311871915346735
ep22038,37.02758712254613
ep22039,32.957730757419384
ep22040,-13.994164535871148
ep22041,-13.994164535871148
ep22042,29.00875319619327
ep22043,32.957730757419384
ep22044,30.311871915346735
ep22045,30.311871915346735
ep22046,32.957730757419384
ep22047,-13.994164535871148
ep22048,-13.994164535871148
ep22049,-13.994164535871148
ep22050,31.628153449845186
ep22051,37.02758712254613
ep22052,34.30073813880746
ep22053,-13.994164535871148
ep22054,34.30073813880746
ep22055,30.311871915346735
ep22056,-13.994164535871148
ep22057,37.02758712254613
ep22058,34.30073813880746
ep22059,-13.994164535871148
ep22060,32.957730757419384
ep22061,-13.994164535871148
ep22062,-13.994164535871148
ep22063,32.957730757419384
ep22064,-13.994164535871148
ep22065,30.311871915346735
ep22066,-13.994164535871148
ep22067,30.311871915346735
ep22068,-13.994164535871148
ep22069,-13.994164535871148
ep22070,31.628153449845186
ep22071,37.02758712254613
ep22072,37.02758712254613
ep22073,30.311871915346735
ep22074,-13.994164535871148
ep22075,32.957730757419384
ep22076,30.311871915346735
ep22077,31.628153449845186
ep22078,-13.994164535871148
ep22079,37.02758712254613
ep22080,-13.994164535871148
ep22081,-13.994164535871148
ep22082,34.30073813880746
ep22083,-13.994164535871148
ep22084,39.80980218604849
ep22085,35.65731125132067
ep22086,31.628153449845186
ep22087,-13.994164535871148
ep22088,35.65731125132067
ep22089,-13.994164535871148
ep22090,38.41170416418801
ep22091,-13.994164535871148
ep22092,-13.994164535871148
ep22093,35.65731125132067
ep22094,39.80980218604849
ep22095,37.02758712254613
ep22096,-13.994164535871148
ep22097,-13.994164535871148
ep22098,-13.994164535871148
ep22099,-13.994164535871148
ep22100,32.957730757419384
ep22101,30.311871915346735
ep22102,-13.994164535871148
ep22103,30.311871915346735
ep22104,-13.994164535871148
ep22105,31.628153449845186
ep22106,-13.994164535871148
ep22107,30.311871915346735
ep22108,-13.994164535871148
ep22109,-13.994164535871148
ep22110,-13.994164535871148
ep22111,29.00875319619327
ep22112,30.311871915346735
ep22113,-13.994164535871148
ep22114,-13.994164535871148
ep22115,-13.994164535871148
ep22116,34.30073813880746
ep22117,-13.994164535871148
ep22118,-13.994164535871148
ep22119,30.311871915346735
ep22120,37.02758712254613
ep22121,-13.994164535871148
ep22122,35.65731125132067
ep22123,34.30073813880746
ep22124,-13.994164535871148
ep22125,30.311871915346735
ep22126,-13.994164535871148
ep22127,35.65731125132067
ep22128,39.80980218604849
ep22129,-13.994164535871148
ep22130,-13.994164535871148
ep22131,-13.994164535871148
ep22132,-13.994164535871148
ep22133,37.02758712254613
ep22134,-13.994164535871148
ep22135,29.00875319619327
ep22136,-13.994164535871148
ep22137,31.628153449845186
ep22138,30.311871915346735
ep22139,32.957730757419384
ep22140,32.957730757419384
ep22141,41.22202241015
ep22142,-13.994164535871148
ep22143,-13.994164535871148
ep22144,-13.994164535871148
ep22145,-13.994164535871148
ep22146,32.957730757419384
ep22147,-13.994164535871148
ep22148,34.30073813880746
ep22149,31.628153449845186
ep22150,30.311871915346735
ep22151,31.628153449845186
ep22152,30.311871915346735
ep22153,-13.994164535871148
ep22154,-13.994164535871148
ep22155,-13.994164535871148
ep22156,-13.994164535871148
ep22157,-13.994164535871148
ep22158,39.80980218604849
ep22159,-13.994164535871148
ep22160,31.628153449845186
ep22161,31.628153449845186
ep22162,-13.994164535871148
ep22163,41.22202241015
ep22164,-13.994164535871148
ep22165,34.30073813880746
ep22166,32.957730757419384
ep22167,30.311871915346735
ep22168,34.30073813880746
ep22169,34.30073813880746
ep22170,-13.994164535871148
ep22171,41.22202241015
ep22172,34.30073813880746
ep22173,30.311871915346735
ep22174,-13.994164535871148
ep22175,-13.994164535871148
ep22176,38.41170416418801
ep22177,-13.994164535871148
ep22178,37.02758712254613
ep22179,-13.994164535871148
ep22180,32.957730757419384
ep22181,-13.994164535871148
ep22182,37.02758712254613
ep22183,38.41170416418801
ep22184,-13.994164535871148
ep22185,-13.994164535871148
ep22186,-13.994164535871148
ep22187,37.02758712254613
ep22188,-13.994164535871148
ep22189,39.80980218604849
ep22190,30.311871915346735
ep22191,31.628153449845186
ep22192,32.957730757419384
ep22193,30.311871915346735
ep22194,-13.994164535871148
ep22195,30.311871915346735
ep22196,-13.994164535871148
ep22197,34.30073813880746
ep22198,-13.994164535871148
ep22199,-13.994164535871148
ep22200,-13.994164535871148
ep22201,-13.994164535871148
ep22202,41.22202241015
ep22203,34.30073813880746
ep22204,32.957730757419384
ep22205,-13.994164535871148
ep22206,30.311871915346735
ep22207,37.02758712254613
ep22208,30.311871915346735
ep22209,-13.994164535871148
ep22210,37.02758712254613
ep22211,34.30073813880746
ep22212,34.30073813880746
ep22213,-13.994164535871148
ep22214,-13.994164535871148
ep22215,34.30073813880746
ep22216,-13.994164535871148
ep22217,39.80980218604849
ep22218,-13.994164535871148
ep22219,-13.994164535871148
ep22220,31.628153449845186
ep22221,31.628153449845186
ep22222,34.30073813880746
ep22223,-13.994164535871148
ep22224,34.30073813880746
ep22225,-13.994164535871148
ep22226,-13.994164535871148
ep22227,39.80980218604849
ep22228,30.311871915346735
ep22229,38.41170416418801
ep22230,-13.994164535871148
ep22231,-13.994164535871148
ep22232,-13.994164535871148
ep22233,-13.994164535871148
ep22234,-13.994164535871148
ep22235,34.30073813880746
ep22236,-13.994164535871148
ep22237,37.02758712254613
ep22238,-13.994164535871148
ep22239,-13.994164535871148
ep22240,29.00875319619327
ep22241,-13.994164535871148
ep22242,-13.994164535871148
ep22243,-13.994164535871148
ep22244,37.02758712254613
ep22245,-13.994164535871148
ep22246,34.30073813880746
ep22247,-13.994164535871148
ep22248,-13.994164535871148
ep22249,-13.994164535871148
ep22250,-13.994164535871148
ep22251,31.628153449845186
ep22252,31.628153449845186
ep22253,39.80980218604849
ep22254,-13.994164535871148
ep22255,31.628153449845186
ep22256,37.02758712254613
ep22257,30.311871915346735
ep22258,32.957730757419384
ep22259,37.02758712254613
ep22260,-13.994164535871148
ep22261,-13.994164535871148
ep22262,32.957730757419384
ep22263,34.30073813880746
ep22264,-13.994164535871148
ep22265,-13.994164535871148
ep22266,-13.994164535871148
ep22267,39.80980218604849
ep22268,37.02758712254613
ep22269,35.65731125132067
ep22270,34.30073813880746
ep22271,-13.994164535871148
ep22272,-13.994164535871148
ep22273,32.957730757419384
ep22274,37.02758712254613
ep22275,29.00875319619327
ep22276,34.30073813880746
ep22277,-13.994164535871148
ep22278,32.957730757419384
ep22279,30.311871915346735
ep22280,30.311871915346735
ep22281,-13.994164535871148
ep22282,-13.994164535871148
ep22283,41.22202241015
ep22284,-13.994164535871148
ep22285,37.02758712254613
ep22286,-13.994164535871148
ep22287,-13.994164535871148
ep22288,-13.994164535871148
ep22289,-13.994164535871148
ep22290,34.30073813880746
ep22291,-13.994164535871148
ep22292,29.00875319619327
ep22293,37.02758712254613
ep22294,39.80980218604849
ep22295,38.41170416418801
ep22296,-13.994164535871148
ep22297,31.628153449845186
ep22298,30.311871915346735
ep22299,30.311871915346735
ep22300,31.628153449845186
ep22301,29.00875319619327
ep22302,-13.994164535871148
ep22303,-13.994164535871148
ep22304,32.957730757419384
ep22305,-13.994164535871148
ep22306,30.311871915346735
ep22307,30.311871915346735
ep22308,37.02758712254613
ep22309,-13.994164535871148
ep22310,32.957730757419384
ep22311,-13.994164535871148
ep22312,32.957730757419384
ep22313,39.80980218604849
ep22314,-13.994164535871148
ep22315,-13.994164535871148
ep22316,-13.994164535871148
ep22317,-13.994164535871148
ep22318,-13.994164535871148
ep22319,-13.994164535871148
ep22320,-13.994164535871148
ep22321,29.00875319619327
ep22322,32.957730757419384
ep22323,39.80980218604849
ep22324,37.02758712254613
ep22325,29.00875319619327
ep22326,30.311871915346735
ep22327,-13.994164535871148
ep22328,-13.994164535871148
ep22329,32.957730757419384
ep22330,-13.994164535871148
ep22331,32.957730757419384
ep22332,31.628153449845186
ep22333,-13.994164535871148
ep22334,-13.994164535871148
ep22335,-13.994164535871148
ep22336,-13.994164535871148
ep22337,-13.994164535871148
ep22338,-13.994164535871148
ep22339,-13.994164535871148
ep22340,32.957730757419384
ep22341,30.311871915346735
ep22342,29.00875319619327
ep22343,-13.994164535871148
ep22344,37.02758712254613
ep22345,37.02758712254613
ep22346,-13.994164535871148
ep22347,-13.994164535871148
ep22348,-13.994164535871148
ep22349,-13.994164535871148
ep22350,-13.994164535871148
ep22351,30.311871915346735
ep22352,39.80980218604849
ep22353,-13.994164535871148
ep22354,-13.994164535871148
ep22355,-13.994164535871148
ep22356,32.957730757419384
ep22357,-13.994164535871148
ep22358,-13.994164535871148
ep22359,-13.994164535871148
ep22360,-13.994164535871148
ep22361,30.311871915346735
ep22362,34.30073813880746
ep22363,32.957730757419384
ep22364,38.41170416418801
ep22365,-13.994164535871148
ep22366,-13.994164535871148
ep22367,30.311871915346735
ep22368,-13.994164535871148
ep22369,-13.994164535871148
ep22370,37.02758712254613
ep22371,-13.994164535871148
ep22372,-13.994164535871148
ep22373,-13.994164535871148
ep22374,34.30073813880746
ep22375,-13.994164535871148
ep22376,31.628153449845186
ep22377,32.957730757419384
ep22378,34.30073813880746
ep22379,30.311871915346735
ep22380,-13.994164535871148
ep22381,32.957730757419384
ep22382,-13.994164535871148
ep22383,31.628153449845186
ep22384,30.311871915346735
ep22385,32.957730757419384
ep22386,34.30073813880746
ep22387,-13.994164535871148
ep22388,-13.994164535871148
ep22389,-13.994164535871148
ep22390,37.02758712254613
ep22391,-13.994164535871148
ep22392,-13.994164535871148
ep22393,37.02758712254613
ep22394,30.311871915346735
ep22395,-13.994164535871148
ep22396,30.311871915346735
ep22397,37.02758712254613
ep22398,32.957730757419384
ep22399,-13.994164535871148
ep22400,-13.994164535871148
ep22401,35.65731125132067
ep22402,31.628153449845186
ep22403,29.00875319619327
ep22404,37.02758712254613
ep22405,32.957730757419384
ep22406,32.957730757419384
ep22407,32.957730757419384
ep22408,-13.994164535871148
ep22409,30.311871915346735
ep22410,30.311871915346735
ep22411,30.311871915346735
ep22412,-13.994164535871148
ep22413,35.65731125132067
ep22414,-13.994164535871148
ep22415,30.311871915346735
ep22416,32.957730757419384
ep22417,37.02758712254613
ep22418,-13.994164535871148
ep22419,-13.994164535871148
ep22420,-13.994164535871148
ep22421,30.311871915346735
ep22422,30.311871915346735
ep22423,34.30073813880746
ep22424,34.30073813880746
ep22425,41.22202241015
ep22426,-13.994164535871148
ep22427,-13.994164535871148
ep22428,-13.994164535871148
ep22429,31.628153449845186
ep22430,-13.994164535871148
ep22431,-13.994164535871148
ep22432,32.957730757419384
ep22433,37.02758712254613
ep22434,-13.994164535871148
ep22435,-13.994164535871148
ep22436,-13.994164535871148
ep22437,-13.994164535871148
ep22438,-13.994164535871148
ep22439,30.311871915346735
ep22440,31.628153449845186
ep22441,-13.994164535871148
ep22442,-13.994164535871148
ep22443,30.311871915346735
ep22444,-13.994164535871148
ep22445,32.957730757419384
ep22446,32.957730757419384
ep22447,30.311871915346735
ep22448,39.80980218604849
ep22449,41.22202241015
ep22450,-13.994164535871148
ep22451,30.311871915346735
ep22452,30.311871915346735
ep22453,-13.994164535871148
ep22454,-13.994164535871148
ep22455,-13.994164535871148
ep22456,-13.994164535871148
ep22457,-13.994164535871148
ep22458,38.41170416418801
ep22459,-13.994164535871148
ep22460,29.00875319619327
ep22461,30.311871915346735
ep22462,30.311871915346735
ep22463,-13.994164535871148
ep22464,-13.994164535871148
ep22465,31.628153449845186
ep22466,37.02758712254613
ep22467,38.41170416418801
ep22468,30.311871915346735
ep22469,30.311871915346735
ep22470,-13.994164535871148
ep22471,34.30073813880746
ep22472,-13.994164535871148
ep22473,30.311871915346735
ep22474,29.00875319619327
ep22475,-13.994164535871148
ep22476,37.02758712254613
ep22477,-13.994164535871148
ep22478,-13.994164535871148
ep22479,-13.994164535871148
ep22480,-13.994164535871148
ep22481,-13.994164535871148
ep22482,32.957730757419384
ep22483,-13.994164535871148
ep22484,-13.994164535871148
ep22485,-13.994164535871148
ep22486,34.30073813880746
ep22487,-13.994164535871148
ep22488,-13.994164535871148
ep22489,30.311871915346735
ep22490,37.02758712254613
ep22491,29.00875319619327
ep22492,30.311871915346735
ep22493,39.80980218604849
ep22494,31.628153449845186
ep22495,-13.994164535871148
ep22496,32.957730757419384
ep22497,-13.994164535871148
ep22498,-13.994164535871148
ep22499,-13.994164535871148
ep22500,-13.994164535871148
ep22501,32.957730757419384
ep22502,-13.994164535871148
ep22503,-13.994164535871148
ep22504,-13.994164535871148
ep22505,-13.994164535871148
ep22506,37.02758712254613
ep22507,29.00875319619327
ep22508,-13.994164535871148
ep22509,30.311871915346735
ep22510,29.00875319619327
ep22511,29.00875319619327
ep22512,-13.994164535871148
ep22513,37.02758712254613
ep22514,37.02758712254613
ep22515,30.311871915346735
ep22516,-13.994164535871148
ep22517,-13.994164535871148
ep22518,32.957730757419384
ep22519,-13.994164535871148
ep22520,-13.994164535871148
ep22521,34.30073813880746
ep22522,30.311871915346735
ep22523,-13.994164535871148
ep22524,-13.994164535871148
ep22525,39.80980218604849
ep22526,30.311871915346735
ep22527,32.957730757419384
ep22528,32.957730757419384
ep22529,30.311871915346735
ep22530,-13.994164535871148
ep22531,39.80980218604849
ep22532,-13.994164535871148
ep22533,-13.994164535871148
ep22534,-13.994164535871148
ep22535,30.311871915346735
ep22536,-13.994164535871148
ep22537,29.00875319619327
ep22538,37.02758712254613
ep22539,-13.994164535871148
ep22540,-13.994164535871148
ep22541,-13.994164535871148
ep22542,37.02758712254613
ep22543,29.00875319619327
ep22544,37.02758712254613
ep22545,32.957730757419384
ep22546,-13.994164535871148
ep22547,29.00875319619327
ep22548,37.02758712254613
ep22549,-13.994164535871148
ep22550,30.311871915346735
ep22551,32.957730757419384
ep22552,-13.994164535871148
ep22553,30.311871915346735
ep22554,-13.994164535871148
ep22555,-13.994164535871148
ep22556,31.628153449845186
ep22557,32.957730757419384
ep22558,30.311871915346735
ep22559,29.00875319619327
ep22560,35.65731125132067
ep22561,39.80980218604849
ep22562,35.65731125132067
ep22563,37.02758712254613
ep22564,38.41170416418801
ep22565,-13.994164535871148
ep22566,-13.994164535871148
ep22567,35.65731125132067
ep22568,-13.994164535871148
ep22569,30.311871915346735
ep22570,-13.994164535871148
ep22571,-13.994164535871148
ep22572,34.30073813880746
ep22573,-13.994164535871148
ep22574,30.311871915346735
ep22575,30.311871915346735
ep22576,41.22202241015
ep22577,31.628153449845186
ep22578,32.957730757419384
ep22579,34.30073813880746
ep22580,-13.994164535871148
ep22581,-13.994164535871148
ep22582,35.65731125132067
ep22583,-13.994164535871148
ep22584,-13.994164535871148
ep22585,34.30073813880746
ep22586,30.311871915346735
ep22587,-13.994164535871148
ep22588,29.00875319619327
ep22589,-13.994164535871148
ep22590,38.41170416418801
ep22591,41.22202241015
ep22592,-13.994164535871148
ep22593,32.957730757419384
ep22594,-13.994164535871148
ep22595,37.02758712254613
ep22596,-13.994164535871148
ep22597,-13.994164535871148
ep22598,-13.994164535871148
ep22599,-13.994164535871148
ep22600,32.957730757419384
ep22601,31.628153449845186
ep22602,-13.994164535871148
ep22603,31.628153449845186
ep22604,29.00875319619327
ep22605,-13.994164535871148
ep22606,41.22202241015
ep22607,-13.994164535871148
ep22608,31.628153449845186
ep22609,-13.994164535871148
ep22610,39.80980218604849
ep22611,39.80980218604849
ep22612,29.00875319619327
ep22613,-13.994164535871148
ep22614,39.80980218604849
ep22615,35.65731125132067
ep22616,29.00875319619327
ep22617,-13.994164535871148
ep22618,30.311871915346735
ep22619,34.30073813880746
ep22620,29.00875319619327
ep22621,-13.994164535871148
ep22622,29.00875319619327
ep22623,35.65731125132067
ep22624,30.311871915346735
ep22625,-13.994164535871148
ep22626,35.65731125132067
ep22627,31.628153449845186
ep22628,31.628153449845186
ep22629,32.957730757419384
ep22630,30.311871915346735
ep22631,-13.994164535871148
ep22632,31.628153449845186
ep22633,30.311871915346735
ep22634,-13.994164535871148
ep22635,32.957730757419384
ep22636,-13.994164535871148
ep22637,-13.994164535871148
ep22638,32.957730757419384
ep22639,35.65731125132067
ep22640,39.80980218604849
ep22641,-13.994164535871148
ep22642,-13.994164535871148
ep22643,-13.994164535871148
ep22644,-13.994164535871148
ep22645,-13.994164535871148
ep22646,-13.994164535871148
ep22647,39.80980218604849
ep22648,34.30073813880746
ep22649,29.00875319619327
ep22650,37.02758712254613
ep22651,-13.994164535871148
ep22652,34.30073813880746
ep22653,30.311871915346735
ep22654,37.02758712254613
ep22655,39.80980218604849
ep22656,30.311871915346735
ep22657,41.22202241015
ep22658,30.311871915346735
ep22659,-13.994164535871148
ep22660,30.311871915346735
ep22661,-13.994164535871148
ep22662,-13.994164535871148
ep22663,31.628153449845186
ep22664,30.311871915346735
ep22665,30.311871915346735
ep22666,32.957730757419384
ep22667,30.311871915346735
ep22668,-13.994164535871148
ep22669,34.30073813880746
ep22670,-13.994164535871148
ep22671,-13.994164535871148
ep22672,34.30073813880746
ep22673,30.311871915346735
ep22674,34.30073813880746
ep22675,-13.994164535871148
ep22676,39.80980218604849
ep22677,-13.994164535871148
ep22678,30.311871915346735
ep22679,32.957730757419384
ep22680,32.957730757419384
ep22681,30.311871915346735
ep22682,-13.994164535871148
ep22683,-13.994164535871148
ep22684,-13.994164535871148
ep22685,41.22202241015
ep22686,39.80980218604849
ep22687,32.957730757419384
ep22688,-13.994164535871148
ep22689,32.957730757419384
ep22690,34.30073813880746
ep22691,37.02758712254613
ep22692,-13.994164535871148
ep22693,39.80980218604849
ep22694,37.02758712254613
ep22695,30.311871915346735
ep22696,-13.994164535871148
ep22697,-13.994164535871148
ep22698,-13.994164535871148
ep22699,-13.994164535871148
ep22700,-13.994164535871148
ep22701,-13.994164535871148
ep22702,30.311871915346735
ep22703,29.00875319619327
ep22704,-13.994164535871148
ep22705,30.311871915346735
ep22706,-13.994164535871148
ep22707,30.311871915346735
ep22708,-13.994164535871148
ep22709,-13.994164535871148
ep22710,-13.994164535871148
ep22711,-13.994164535871148
ep22712,34.30073813880746
ep22713,-13.994164535871148
ep22714,-13.994164535871148
ep22715,34.30073813880746
ep22716,-13.994164535871148
ep22717,30.311871915346735
ep22718,-13.994164535871148
ep22719,39.80980218604849
ep22720,34.30073813880746
ep22721,-13.994164535871148
ep22722,-13.994164535871148
ep22723,-13.994164535871148
ep22724,-13.994164535871148
ep22725,-13.994164535871148
ep22726,-13.994164535871148
ep22727,35.65731125132067
ep22728,30.311871915346735
ep22729,37.02758712254613
ep22730,32.957730757419384
ep22731,-13.994164535871148
ep22732,37.02758712254613
ep22733,32.957730757419384
ep22734,-13.994164535871148
ep22735,34.30073813880746
ep22736,-13.994164535871148
ep22737,30.311871915346735
ep22738,32.957730757419384
ep22739,30.311871915346735
ep22740,-13.994164535871148
ep22741,-13.994164535871148
ep22742,39.80980218604849
ep22743,-13.994164535871148
ep22744,34.30073813880746
ep22745,38.41170416418801
ep22746,32.957730757419384
ep22747,32.957730757419384
ep22748,-13.994164535871148
ep22749,-13.994164535871148
ep22750,-13.994164535871148
ep22751,32.957730757419384
ep22752,31.628153449845186
ep22753,-13.994164535871148
ep22754,32.957730757419384
ep22755,-13.994164535871148
ep22756,-13.994164535871148
ep22757,-13.994164535871148
ep22758,39.80980218604849
ep22759,35.65731125132067
ep22760,39.80980218604849
ep22761,-13.994164535871148
ep22762,32.957730757419384
ep22763,29.00875319619327
ep22764,-13.994164535871148
ep22765,-13.994164535871148
ep22766,-13.994164535871148
ep22767,-13.994164535871148
ep22768,39.80980218604849
ep22769,-13.994164535871148
ep22770,-13.994164535871148
ep22771,-13.994164535871148
ep22772,37.02758712254613
ep22773,32.957730757419384
ep22774,-13.994164535871148
ep22775,-13.994164535871148
ep22776,-13.994164535871148
ep22777,39.80980218604849
ep22778,29.00875319619327
ep22779,31.628153449845186
ep22780,-13.994164535871148
ep22781,30.311871915346735
ep22782,30.311871915346735
ep22783,-13.994164535871148
ep22784,-13.994164535871148
ep22785,30.311871915346735
ep22786,29.00875319619327
ep22787,-13.994164535871148
ep22788,-13.994164535871148
ep22789,-13.994164535871148
ep22790,-13.994164535871148
ep22791,41.22202241015
ep22792,38.41170416418801
ep22793,37.02758712254613
ep22794,-13.994164535871148
ep22795,29.00875319619327
ep22796,34.30073813880746
ep22797,30.311871915346735
ep22798,-13.994164535871148
ep22799,30.311871915346735
ep22800,31.628153449845186
ep22801,39.80980218604849
ep22802,31.628153449845186
ep22803,37.02758712254613
ep22804,41.22202241015
ep22805,-13.994164535871148
ep22806,-13.994164535871148
ep22807,30.311871915346735
ep22808,-13.994164535871148
ep22809,39.80980218604849
ep22810,-13.994164535871148
ep22811,31.628153449845186
ep22812,-13.994164535871148
ep22813,32.957730757419384
ep22814,-13.994164535871148
ep22815,32.957730757419384
ep22816,29.00875319619327
ep22817,37.02758712254613
ep22818,-13.994164535871148
ep22819,-13.994164535871148
ep22820,-13.994164535871148
ep22821,37.02758712254613
ep22822,-13.994164535871148
ep22823,41.22202241015
ep22824,-13.994164535871148
ep22825,-13.994164535871148
ep22826,37.02758712254613
ep22827,30.311871915346735
ep22828,29.00875319619327
ep22829,39.80980218604849
ep22830,32.957730757419384
ep22831,-13.994164535871148
ep22832,29.00875319619327
ep22833,-13.994164535871148
ep22834,39.80980218604849
ep22835,-13.994164535871148
ep22836,37.02758712254613
ep22837,-13.994164535871148
ep22838,-13.994164535871148
ep22839,-13.994164535871148
ep22840,30.311871915346735
ep22841,30.311871915346735
ep22842,-13.994164535871148
ep22843,37.02758712254613
ep22844,34.30073813880746
ep22845,-13.994164535871148
ep22846,30.311871915346735
ep22847,30.311871915346735
ep22848,29.00875319619327
ep22849,30.311871915346735
ep22850,30.311871915346735
ep22851,-13.994164535871148
ep22852,34.30073813880746
ep22853,29.00875319619327
ep22854,-13.994164535871148
ep22855,-13.994164535871148
ep22856,32.957730757419384
ep22857,-13.994164535871148
ep22858,32.957730757419384
ep22859,41.22202241015
ep22860,39.80980218604849
ep22861,30.311871915346735
ep22862,37.02758712254613
ep22863,-13.994164535871148
ep22864,30.311871915346735
ep22865,-13.994164535871148
ep22866,32.957730757419384
ep22867,41.22202241015
ep22868,30.311871915346735
ep22869,-13.994164535871148
ep22870,37.02758712254613
ep22871,30.311871915346735
ep22872,37.02758712254613
ep22873,-13.994164535871148
ep22874,-13.994164535871148
ep22875,41.22202241015
ep22876,29.00875319619327
ep22877,39.80980218604849
ep22878,32.957730757419384
ep22879,37.02758712254613
ep22880,-13.994164535871148
ep22881,41.22202241015
ep22882,-13.994164535871148
ep22883,35.65731125132067
ep22884,-13.994164535871148
ep22885,37.02758712254613
ep22886,32.957730757419384
ep22887,30.311871915346735
ep22888,-13.994164535871148
ep22889,-13.994164535871148
ep22890,-13.994164535871148
ep22891,-13.994164535871148
ep22892,37.02758712254613
ep22893,34.30073813880746
ep22894,29.00875319619327
ep22895,34.30073813880746
ep22896,-13.994164535871148
ep22897,30.311871915346735
ep22898,-13.994164535871148
ep22899,-13.994164535871148
ep22900,30.311871915346735
ep22901,39.80980218604849
ep22902,30.311871915346735
ep22903,41.22202241015
ep22904,32.957730757419384
ep22905,30.311871915346735
ep22906,41.22202241015
ep22907,-13.994164535871148
ep22908,-13.994164535871148
ep22909,-13.994164535871148
ep22910,32.957730757419384
ep22911,-13.994164535871148
ep22912,32.957730757419384
ep22913,-13.994164535871148
ep22914,31.628153449845186
ep22915,-13.994164535871148
ep22916,-13.994164535871148
ep22917,34.30073813880746
ep22918,32.957730757419384
ep22919,32.957730757419384
ep22920,-13.994164535871148
ep22921,41.22202241015
ep22922,34.30073813880746
ep22923,30.311871915346735
ep22924,37.02758712254613
ep22925,37.02758712254613
ep22926,30.311871915346735
ep22927,-13.994164535871148
ep22928,34.30073813880746
ep22929,-13.994164535871148
ep22930,-13.994164535871148
ep22931,-13.994164535871148
ep22932,32.957730757419384
ep22933,32.957730757419384
ep22934,32.957730757419384
ep22935,37.02758712254613
ep22936,30.311871915346735
ep22937,-13.994164535871148
ep22938,-13.994164535871148
ep22939,-13.994164535871148
ep22940,29.00875319619327
ep22941,39.80980218604849
ep22942,-13.994164535871148
ep22943,34.30073813880746
ep22944,-13.994164535871148
ep22945,-13.994164535871148
ep22946,30.311871915346735
ep22947,-13.994164535871148
ep22948,32.957730757419384
ep22949,32.957730757419384
ep22950,-13.994164535871148
ep22951,-13.994164535871148
ep22952,34.30073813880746
ep22953,-13.994164535871148
ep22954,-13.994164535871148
ep22955,-13.994164535871148
ep22956,32.957730757419384
ep22957,-13.994164535871148
ep22958,32.957730757419384
ep22959,-13.994164535871148
ep22960,35.65731125132067
ep22961,30.311871915346735
ep22962,-13.994164535871148
ep22963,-13.994164535871148
ep22964,-13.994164535871148
ep22965,34.30073813880746
ep22966,-13.994164535871148
ep22967,30.311871915346735
ep22968,34.30073813880746
ep22969,31.628153449845186
ep22970,34.30073813880746
ep22971,37.02758712254613
ep22972,34.30073813880746
ep22973,-13.994164535871148
ep22974,-13.994164535871148
ep22975,31.628153449845186
ep22976,-13.994164535871148
ep22977,31.628153449845186
ep22978,30.311871915346735
ep22979,30.311871915346735
ep22980,34.30073813880746
ep22981,35.65731125132067
ep22982,35.65731125132067
ep22983,30.311871915346735
ep22984,39.80980218604849
ep22985,32.957730757419384
ep22986,31.628153449845186
ep22987,32.957730757419384
ep22988,-13.994164535871148
ep22989,31.628153449845186
ep22990,-13.994164535871148
ep22991,30.311871915346735
ep22992,30.311871915346735
ep22993,-13.994164535871148
ep22994,39.80980218604849
ep22995,-13.994164535871148
ep22996,-13.994164535871148
ep22997,-13.994164535871148
ep22998,35.65731125132067
ep22999,-13.994164535871148
ep23000,-13.994164535871148
ep23001,30.311871915346735
ep23002,-13.994164535871148
ep23003,30.311871915346735
ep23004,-13.994164535871148
ep23005,32.957730757419384
ep23006,30.311871915346735
ep23007,41.22202241015
ep23008,-13.994164535871148
ep23009,37.02758712254613
ep23010,-13.994164535871148
ep23011,32.957730757419384
ep23012,-13.994164535871148
ep23013,-13.994164535871148
ep23014,37.02758712254613
ep23015,32.957730757419384
ep23016,-13.994164535871148
ep23017,-13.994164535871148
ep23018,-13.994164535871148
ep23019,29.00875319619327
ep23020,-13.994164535871148
ep23021,35.65731125132067
ep23022,29.00875319619327
ep23023,30.311871915346735
ep23024,-13.994164535871148
ep23025,-13.994164535871148
ep23026,-13.994164535871148
ep23027,30.311871915346735
ep23028,-13.994164535871148
ep23029,37.02758712254613
ep23030,-13.994164535871148
ep23031,-13.994164535871148
ep23032,-13.994164535871148
ep23033,-13.994164535871148
ep23034,34.30073813880746
ep23035,-13.994164535871148
ep23036,-13.994164535871148
ep23037,29.00875319619327
ep23038,30.311871915346735
ep23039,30.311871915346735
ep23040,35.65731125132067
ep23041,37.02758712254613
ep23042,-13.994164535871148
ep23043,-13.994164535871148
ep23044,-13.994164535871148
ep23045,-13.994164535871148
ep23046,-13.994164535871148
ep23047,39.80980218604849
ep23048,-13.994164535871148
ep23049,30.311871915346735
ep23050,-13.994164535871148
ep23051,32.957730757419384
ep23052,30.311871915346735
ep23053,41.22202241015
ep23054,34.30073813880746
ep23055,38.41170416418801
ep23056,-13.994164535871148
ep23057,34.30073813880746
ep23058,31.628153449845186
ep23059,30.311871915346735
ep23060,30.311871915346735
ep23061,39.80980218604849
ep23062,32.957730757419384
ep23063,37.02758712254613
ep23064,-13.994164535871148
ep23065,31.628153449845186
ep23066,34.30073813880746
ep23067,31.628153449845186
ep23068,-13.994164535871148
ep23069,-13.994164535871148
ep23070,-13.994164535871148
ep23071,-13.994164535871148
ep23072,-13.994164535871148
ep23073,37.02758712254613
ep23074,34.30073813880746
ep23075,-13.994164535871148
ep23076,30.311871915346735
ep23077,37.02758712254613
ep23078,30.311871915346735
ep23079,-13.994164535871148
ep23080,-13.994164535871148
ep23081,31.628153449845186
ep23082,31.628153449845186
ep23083,-13.994164535871148
ep23084,37.02758712254613
ep23085,-13.994164535871148
ep23086,38.41170416418801
ep23087,30.311871915346735
ep23088,32.957730757419384
ep23089,-13.994164535871148
ep23090,-13.994164535871148
ep23091,-13.994164535871148
ep23092,-13.994164535871148
ep23093,38.41170416418801
ep23094,-13.994164535871148
ep23095,-13.994164535871148
ep23096,-13.994164535871148
ep23097,31.628153449845186
ep23098,41.22202241015
ep23099,30.311871915346735
ep23100,29.00875319619327
ep23101,29.00875319619327
ep23102,-13.994164535871148
ep23103,35.65731125132067
ep23104,-13.994164535871148
ep23105,30.311871915346735
ep23106,-13.994164535871148
ep23107,34.30073813880746
ep23108,30.311871915346735
ep23109,30.311871915346735
ep23110,-13.994164535871148
ep23111,32.957730757419384
ep23112,37.02758712254613
ep23113,-13.994164535871148
ep23114,-13.994164535871148
ep23115,30.311871915346735
ep23116,34.30073813880746
ep23117,41.22202241015
ep23118,34.30073813880746
ep23119,31.628153449845186
ep23120,-13.994164535871148
ep23121,30.311871915346735
ep23122,-13.994164535871148
ep23123,-13.994164535871148
ep23124,34.30073813880746
ep23125,38.41170416418801
ep23126,-13.994164535871148
ep23127,-13.994164535871148
ep23128,37.02758712254613
ep23129,-13.994164535871148
ep23130,-13.994164535871148
ep23131,-13.994164535871148
ep23132,-13.994164535871148
ep23133,38.41170416418801
ep23134,32.957730757419384
ep23135,34.30073813880746
ep23136,-13.994164535871148
ep23137,-13.994164535871148
ep23138,-13.994164535871148
ep23139,-13.994164535871148
ep23140,31.628153449845186
ep23141,-13.994164535871148
ep23142,31.628153449845186
ep23143,-13.994164535871148
ep23144,-13.994164535871148
ep23145,30.311871915346735
ep23146,30.311871915346735
ep23147,30.311871915346735
ep23148,30.311871915346735
ep23149,30.311871915346735
ep23150,34.30073813880746
ep23151,29.00875319619327
ep23152,-13.994164535871148
ep23153,30.311871915346735
ep23154,30.311871915346735
ep23155,-13.994164535871148
ep23156,-13.994164535871148
ep23157,30.311871915346735
ep23158,-13.994164535871148
ep23159,37.02758712254613
ep23160,-13.994164535871148
ep23161,35.65731125132067
ep23162,-13.994164535871148
ep23163,38.41170416418801
ep23164,-13.994164535871148
ep23165,35.65731125132067
ep23166,-13.994164535871148
ep23167,-13.994164535871148
ep23168,32.957730757419384
ep23169,29.00875319619327
ep23170,-13.994164535871148
ep23171,38.41170416418801
ep23172,-13.994164535871148
ep23173,-13.994164535871148
ep23174,-13.994164535871148
ep23175,-13.994164535871148
ep23176,-13.994164535871148
ep23177,39.80980218604849
ep23178,30.311871915346735
ep23179,34.30073813880746
ep23180,-13.994164535871148
ep23181,30.311871915346735
ep23182,-13.994164535871148
ep23183,37.02758712254613
ep23184,-13.994164535871148
ep23185,31.628153449845186
ep23186,-13.994164535871148
ep23187,-13.994164535871148
ep23188,37.02758712254613
ep23189,30.311871915346735
ep23190,-13.994164535871148
ep23191,34.30073813880746
ep23192,32.957730757419384
ep23193,31.628153449845186
ep23194,-13.994164535871148
ep23195,-13.994164535871148
ep23196,32.957730757419384
ep23197,-13.994164535871148
ep23198,30.311871915346735
ep23199,-13.994164535871148
ep23200,-13.994164535871148
ep23201,-13.994164535871148
ep23202,39.80980218604849
ep23203,30.311871915346735
ep23204,37.02758712254613
ep23205,30.311871915346735
ep23206,34.30073813880746
ep23207,-13.994164535871148
ep23208,31.628153449845186
ep23209,31.628153449845186
ep23210,35.65731125132067
ep23211,30.311871915346735
ep23212,34.30073813880746
ep23213,-13.994164535871148
ep23214,29.00875319619327
ep23215,34.30073813880746
ep23216,39.80980218604849
ep23217,37.02758712254613
ep23218,30.311871915346735
ep23219,41.22202241015
ep23220,-13.994164535871148
ep23221,-13.994164535871148
ep23222,-13.994164535871148
ep23223,34.30073813880746
ep23224,-13.994164535871148
ep23225,30.311871915346735
ep23226,29.00875319619327
ep23227,-13.994164535871148
ep23228,39.80980218604849
ep23229,31.628153449845186
ep23230,-13.994164535871148
ep23231,-13.994164535871148
ep23232,34.30073813880746
ep23233,-13.994164535871148
ep23234,-13.994164535871148
ep23235,30.311871915346735
ep23236,34.30073813880746
ep23237,-13.994164535871148
ep23238,38.41170416418801
ep23239,-13.994164535871148
ep23240,-13.994164535871148
ep23241,37.02758712254613
ep23242,-13.994164535871148
ep23243,29.00875319619327
ep23244,-13.994164535871148
ep23245,32.957730757419384
ep23246,-13.994164535871148
ep23247,-13.994164535871148
ep23248,30.311871915346735
ep23249,39.80980218604849
ep23250,34.30073813880746
ep23251,-13.994164535871148
ep23252,-13.994164535871148
ep23253,-13.994164535871148
ep23254,34.30073813880746
ep23255,31.628153449845186
ep23256,41.22202241015
ep23257,32.957730757419384
ep23258,29.00875319619327
ep23259,-13.994164535871148
ep23260,32.957730757419384
ep23261,35.65731125132067
ep23262,-13.994164535871148
ep23263,-13.994164535871148
ep23264,35.65731125132067
ep23265,-13.994164535871148
ep23266,34.30073813880746
ep23267,-13.994164535871148
ep23268,-13.994164535871148
ep23269,-13.994164535871148
ep23270,-13.994164535871148
ep23271,-13.994164535871148
ep23272,31.628153449845186
ep23273,34.30073813880746
ep23274,-13.994164535871148
ep23275,-13.994164535871148
ep23276,-13.994164535871148
ep23277,32.957730757419384
ep23278,32.957730757419384
ep23279,-13.994164535871148
ep23280,-13.994164535871148
ep23281,34.30073813880746
ep23282,-13.994164535871148
ep23283,31.628153449845186
ep23284,-13.994164535871148
ep23285,-13.994164535871148
ep23286,37.02758712254613
ep23287,29.00875319619327
ep23288,37.02758712254613
ep23289,31.628153449845186
ep23290,30.311871915346735
ep23291,37.02758712254613
ep23292,32.957730757419384
ep23293,-13.994164535871148
ep23294,32.957730757419384
ep23295,-13.994164535871148
ep23296,-13.994164535871148
ep23297,30.311871915346735
ep23298,-13.994164535871148
ep23299,37.02758712254613
ep23300,32.957730757419384
ep23301,-13.994164535871148
ep23302,31.628153449845186
ep23303,34.30073813880746
ep23304,-13.994164535871148
ep23305,-13.994164535871148
ep23306,-13.994164535871148
ep23307,32.957730757419384
ep23308,-13.994164535871148
ep23309,34.30073813880746
ep23310,32.957730757419384
ep23311,39.80980218604849
ep23312,30.311871915346735
ep23313,-13.994164535871148
ep23314,-13.994164535871148
ep23315,-13.994164535871148
ep23316,32.957730757419384
ep23317,-13.994164535871148
ep23318,34.30073813880746
ep23319,-13.994164535871148
ep23320,-13.994164535871148
ep23321,-13.994164535871148
ep23322,31.628153449845186
ep23323,-13.994164535871148
ep23324,39.80980218604849
ep23325,-13.994164535871148
ep23326,34.30073813880746
ep23327,32.957730757419384
ep23328,39.80980218604849
ep23329,31.628153449845186
ep23330,34.30073813880746
ep23331,-13.994164535871148
ep23332,37.02758712254613
ep23333,31.628153449845186
ep23334,31.628153449845186
ep23335,-13.994164535871148
ep23336,-13.994164535871148
ep23337,-13.994164535871148
ep23338,34.30073813880746
ep23339,31.628153449845186
ep23340,41.22202241015
ep23341,32.957730757419384
ep23342,29.00875319619327
ep23343,32.957730757419384
ep23344,30.311871915346735
ep23345,-13.994164535871148
ep23346,-13.994164535871148
ep23347,-13.994164535871148
ep23348,29.00875319619327
ep23349,37.02758712254613
ep23350,34.30073813880746
ep23351,39.80980218604849
ep23352,-13.994164535871148
ep23353,-13.994164535871148
ep23354,-13.994164535871148
ep23355,32.957730757419384
ep23356,-13.994164535871148
ep23357,35.65731125132067
ep23358,29.00875319619327
ep23359,-13.994164535871148
ep23360,39.80980218604849
ep23361,38.41170416418801
ep23362,-13.994164535871148
ep23363,-13.994164535871148
ep23364,30.311871915346735
ep23365,34.30073813880746
ep23366,35.65731125132067
ep23367,-13.994164535871148
ep23368,39.80980218604849
ep23369,-13.994164535871148
ep23370,-13.994164535871148
ep23371,-13.994164535871148
ep23372,-13.994164535871148
ep23373,34.30073813880746
ep23374,35.65731125132067
ep23375,30.311871915346735
ep23376,-13.994164535871148
ep23377,-13.994164535871148
ep23378,-13.994164535871148
ep23379,-13.994164535871148
ep23380,39.80980218604849
ep23381,39.80980218604849
ep23382,31.628153449845186
ep23383,-13.994164535871148
ep23384,30.311871915346735
ep23385,29.00875319619327
ep23386,35.65731125132067
ep23387,30.311871915346735
ep23388,-13.994164535871148
ep23389,-13.994164535871148
ep23390,35.65731125132067
ep23391,-13.994164535871148
ep23392,-13.994164535871148
ep23393,35.65731125132067
ep23394,34.30073813880746
ep23395,-13.994164535871148
ep23396,31.628153449845186
ep23397,-13.994164535871148
ep23398,-13.994164535871148
ep23399,32.957730757419384
ep23400,-13.994164535871148
ep23401,-13.994164535871148
ep23402,-13.994164535871148
ep23403,-13.994164535871148
ep23404,32.957730757419384
ep23405,39.80980218604849
ep23406,30.311871915346735
ep23407,31.628153449845186
ep23408,-13.994164535871148
ep23409,37.02758712254613
ep23410,29.00875319619327
ep23411,-13.994164535871148
ep23412,-13.994164535871148
ep23413,41.22202241015
ep23414,-13.994164535871148
ep23415,-13.994164535871148
ep23416,-13.994164535871148
ep23417,30.311871915346735
ep23418,34.30073813880746
ep23419,30.311871915346735
ep23420,-13.994164535871148
ep23421,-13.994164535871148
ep23422,30.311871915346735
ep23423,31.628153449845186
ep23424,37.02758712254613
ep23425,37.02758712254613
ep23426,-13.994164535871148
ep23427,32.957730757419384
ep23428,-13.994164535871148
ep23429,-13.994164535871148
ep23430,-13.994164535871148
ep23431,37.02758712254613
ep23432,-13.994164535871148
ep23433,34.30073813880746
ep23434,30.311871915346735
ep23435,-13.994164535871148
ep23436,30.311871915346735
ep23437,-13.994164535871148
ep23438,34.30073813880746
ep23439,-13.994164535871148
ep23440,29.00875319619327
ep23441,30.311871915346735
ep23442,34.30073813880746
ep23443,-13.994164535871148
ep23444,-13.994164535871148
ep23445,32.957730757419384
ep23446,-13.994164535871148
ep23447,32.957730757419384
ep23448,35.65731125132067
ep23449,41.22202241015
ep23450,38.41170416418801
ep23451,-13.994164535871148
ep23452,31.628153449845186
ep23453,30.311871915346735
ep23454,37.02758712254613
ep23455,29.00875319619327
ep23456,-13.994164535871148
ep23457,-13.994164535871148
ep23458,31.628153449845186
ep23459,-13.994164535871148
ep23460,38.41170416418801
ep23461,-13.994164535871148
ep23462,32.957730757419384
ep23463,34.30073813880746
ep23464,32.957730757419384
ep23465,-13.994164535871148
ep23466,-13.994164535871148
ep23467,37.02758712254613
ep23468,-13.994164535871148
ep23469,-13.994164535871148
ep23470,-13.994164535871148
ep23471,41.22202241015
ep23472,-13.994164535871148
ep23473,-13.994164535871148
ep23474,35.65731125132067
ep23475,-13.994164535871148
ep23476,-13.994164535871148
ep23477,-13.994164535871148
ep23478,34.30073813880746
ep23479,30.311871915346735
ep23480,32.957730757419384
ep23481,34.30073813880746
ep23482,-13.994164535871148
ep23483,-13.994164535871148
ep23484,32.957730757419384
ep23485,-13.994164535871148
ep23486,-13.994164535871148
ep23487,-13.994164535871148
ep23488,34.30073813880746
ep23489,-13.994164535871148
ep23490,37.02758712254613
ep23491,32.957730757419384
ep23492,-13.994164535871148
ep23493,-13.994164535871148
ep23494,35.65731125132067
ep23495,30.311871915346735
ep23496,-13.994164535871148
ep23497,-13.994164535871148
ep23498,-13.994164535871148
ep23499,-13.994164535871148
ep23500,32.957730757419384
ep23501,31.628153449845186
ep23502,-13.994164535871148
ep23503,-13.994164535871148
ep23504,32.957730757419384
ep23505,41.22202241015
ep23506,-13.994164535871148
ep23507,-13.994164535871148
ep23508,-13.994164535871148
ep23509,-13.994164535871148
ep23510,-13.994164535871148
ep23511,-13.994164535871148
ep23512,-13.994164535871148
ep23513,31.628153449845186
ep23514,37.02758712254613
ep23515,39.80980218604849
ep23516,32.957730757419384
ep23517,41.22202241015
ep23518,32.957730757419384
ep23519,32.957730757419384
ep23520,-13.994164535871148
ep23521,30.311871915346735
ep23522,31.628153449845186
ep23523,34.30073813880746
ep23524,30.311871915346735
ep23525,-13.994164535871148
ep23526,31.628153449845186
ep23527,-13.994164535871148
ep23528,35.65731125132067
ep23529,34.30073813880746
ep23530,-13.994164535871148
ep23531,-13.994164535871148
ep23532,35.65731125132067
ep23533,30.311871915346735
ep23534,37.02758712254613
ep23535,-13.994164535871148
ep23536,-13.994164535871148
ep23537,39.80980218604849
ep23538,-13.994164535871148
ep23539,35.65731125132067
ep23540,-13.994164535871148
ep23541,-13.994164535871148
ep23542,34.30073813880746
ep23543,31.628153449845186
ep23544,35.65731125132067
ep23545,-13.994164535871148
ep23546,38.41170416418801
ep23547,30.311871915346735
ep23548,30.311871915346735
ep23549,29.00875319619327
ep23550,30.311871915346735
ep23551,-13.994164535871148
ep23552,30.311871915346735
ep23553,-13.994164535871148
ep23554,32.957730757419384
ep23555,-13.994164535871148
ep23556,37.02758712254613
ep23557,-13.994164535871148
ep23558,-13.994164535871148
ep23559,37.02758712254613
ep23560,35.65731125132067
ep23561,-13.994164535871148
ep23562,30.311871915346735
ep23563,34.30073813880746
ep23564,37.02758712254613
ep23565,37.02758712254613
ep23566,30.311871915346735
ep23567,-13.994164535871148
ep23568,37.02758712254613
ep23569,-13.994164535871148
ep23570,37.02758712254613
ep23571,31.628153449845186
ep23572,-13.994164535871148
ep23573,30.311871915346735
ep23574,41.22202241015
ep23575,30.311871915346735
ep23576,32.957730757419384
ep23577,-13.994164535871148
ep23578,-13.994164535871148
ep23579,41.22202241015
ep23580,-13.994164535871148
ep23581,39.80980218604849
ep23582,34.30073813880746
ep23583,32.957730757419384
ep23584,-13.994164535871148
ep23585,-13.994164535871148
ep23586,34.30073813880746
ep23587,30.311871915346735
ep23588,-13.994164535871148
ep23589,30.311871915346735
ep23590,-13.994164535871148
ep23591,-13.994164535871148
ep23592,-13.994164535871148
ep23593,-13.994164535871148
ep23594,-13.994164535871148
ep23595,30.311871915346735
ep23596,-13.994164535871148
ep23597,-13.994164535871148
ep23598,39.80980218604849
ep23599,-13.994164535871148
ep23600,30.311871915346735
ep23601,39.80980218604849
ep23602,-13.994164535871148
ep23603,29.00875319619327
ep23604,-13.994164535871148
ep23605,31.628153449845186
ep23606,30.311871915346735
ep23607,29.00875319619327
ep23608,-13.994164535871148
ep23609,29.00875319619327
ep23610,-13.994164535871148
ep23611,30.311871915346735
ep23612,32.957730757419384
ep23613,-13.994164535871148
ep23614,37.02758712254613
ep23615,-13.994164535871148
ep23616,-13.994164535871148
ep23617,37.02758712254613
ep23618,32.957730757419384
ep23619,-13.994164535871148
ep23620,41.22202241015
ep23621,-13.994164535871148
ep23622,32.957730757419384
ep23623,-13.994164535871148
ep23624,32.957730757419384
ep23625,-13.994164535871148
ep23626,-13.994164535871148
ep23627,32.957730757419384
ep23628,29.00875319619327
ep23629,32.957730757419384
ep23630,-13.994164535871148
ep23631,-13.994164535871148
ep23632,-13.994164535871148
ep23633,29.00875319619327
ep23634,-13.994164535871148
ep23635,-13.994164535871148
ep23636,29.00875319619327
ep23637,30.311871915346735
ep23638,-13.994164535871148
ep23639,34.30073813880746
ep23640,30.311871915346735
ep23641,30.311871915346735
ep23642,-13.994164535871148
ep23643,32.957730757419384
ep23644,-13.994164535871148
ep23645,30.311871915346735
ep23646,35.65731125132067
ep23647,-13.994164535871148
ep23648,-13.994164535871148
ep23649,30.311871915346735
ep23650,32.957730757419384
ep23651,-13.994164535871148
ep23652,37.02758712254613
ep23653,32.957730757419384
ep23654,41.22202241015
ep23655,29.00875319619327
ep23656,34.30073813880746
ep23657,30.311871915346735
ep23658,-13.994164535871148
ep23659,35.65731125132067
ep23660,-13.994164535871148
ep23661,-13.994164535871148
ep23662,34.30073813880746
ep23663,38.41170416418801
ep23664,-13.994164535871148
ep23665,-13.994164535871148
ep23666,32.957730757419384
ep23667,32.957730757419384
ep23668,-13.994164535871148
ep23669,30.311871915346735
ep23670,31.628153449845186
ep23671,37.02758712254613
ep23672,31.628153449845186
ep23673,30.311871915346735
ep23674,-13.994164535871148
ep23675,-13.994164535871148
ep23676,38.41170416418801
ep23677,-13.994164535871148
ep23678,34.30073813880746
ep23679,32.957730757419384
ep23680,37.02758712254613
ep23681,35.65731125132067
ep23682,31.628153449845186
ep23683,34.30073813880746
ep23684,30.311871915346735
ep23685,-13.994164535871148
ep23686,31.628153449845186
ep23687,-13.994164535871148
ep23688,39.80980218604849
ep23689,-13.994164535871148
ep23690,-13.994164535871148
ep23691,-13.994164535871148
ep23692,-13.994164535871148
ep23693,34.30073813880746
ep23694,-13.994164535871148
ep23695,-13.994164535871148
ep23696,32.957730757419384
ep23697,-13.994164535871148
ep23698,-13.994164535871148
ep23699,-13.994164535871148
ep23700,32.957730757419384
ep23701,-13.994164535871148
ep23702,37.02758712254613
ep23703,-13.994164535871148
ep23704,29.00875319619327
ep23705,32.957730757419384
ep23706,-13.994164535871148
ep23707,-13.994164535871148
ep23708,-13.994164535871148
ep23709,-13.994164535871148
ep23710,-13.994164535871148
ep23711,32.957730757419384
ep23712,-13.994164535871148
ep23713,31.628153449845186
ep23714,30.311871915346735
ep23715,-13.994164535871148
ep23716,32.957730757419384
ep23717,29.00875319619327
ep23718,30.311871915346735
ep23719,32.957730757419384
ep23720,-13.994164535871148
ep23721,30.311871915346735
ep23722,30.311871915346735
ep23723,31.628153449845186
ep23724,34.30073813880746
ep23725,29.00875319619327
ep23726,32.957730757419384
ep23727,30.311871915346735
ep23728,-13.994164535871148
ep23729,30.311871915346735
ep23730,29.00875319619327
ep23731,30.311871915346735
ep23732,30.311871915346735
ep23733,41.22202241015
ep23734,30.311871915346735
ep23735,37.02758712254613
ep23736,30.311871915346735
ep23737,-13.994164535871148
ep23738,30.311871915346735
ep23739,-13.994164535871148
ep23740,30.311871915346735
ep23741,-13.994164535871148
ep23742,30.311871915346735
ep23743,30.311871915346735
ep23744,-13.994164535871148
ep23745,37.02758712254613
ep23746,-13.994164535871148
ep23747,37.02758712254613
ep23748,37.02758712254613
ep23749,-13.994164535871148
ep23750,-13.994164535871148
ep23751,-13.994164535871148
ep23752,-13.994164535871148
ep23753,41.22202241015
ep23754,32.957730757419384
ep23755,30.311871915346735
ep23756,-13.994164535871148
ep23757,31.628153449845186
ep23758,-13.994164535871148
ep23759,34.30073813880746
ep23760,-13.994164535871148
ep23761,37.02758712254613
ep23762,30.311871915346735
ep23763,41.22202241015
ep23764,-13.994164535871148
ep23765,-13.994164535871148
ep23766,37.02758712254613
ep23767,30.311871915346735
ep23768,34.30073813880746
ep23769,-13.994164535871148
ep23770,-13.994164535871148
ep23771,32.957730757419384
ep23772,30.311871915346735
ep23773,-13.994164535871148
ep23774,-13.994164535871148
ep23775,-13.994164535871148
ep23776,-13.994164535871148
ep23777,39.80980218604849
ep23778,37.02758712254613
ep23779,37.02758712254613
ep23780,37.02758712254613
ep23781,-13.994164535871148
ep23782,-13.994164535871148
ep23783,-13.994164535871148
ep23784,-13.994164535871148
ep23785,30.311871915346735
ep23786,-13.994164535871148
ep23787,-13.994164535871148
ep23788,29.00875319619327
ep23789,-13.994164535871148
ep23790,30.311871915346735
ep23791,32.957730757419384
ep23792,-13.994164535871148
ep23793,38.41170416418801
ep23794,-13.994164535871148
ep23795,-13.994164535871148
ep23796,32.957730757419384
ep23797,32.957730757419384
ep23798,35.65731125132067
ep23799,30.311871915346735
ep23800,34.30073813880746
ep23801,39.80980218604849
ep23802,-13.994164535871148
ep23803,-13.994164535871148
ep23804,35.65731125132067
ep23805,31.628153449845186
ep23806,-13.994164535871148
ep23807,41.22202241015
ep23808,37.02758712254613
ep23809,-13.994164535871148
ep23810,38.41170416418801
ep23811,34.30073813880746
ep23812,32.957730757419384
ep23813,-13.994164535871148
ep23814,30.311871915346735
ep23815,30.311871915346735
ep23816,-13.994164535871148
ep23817,-13.994164535871148
ep23818,32.957730757419384
ep23819,-13.994164535871148
ep23820,32.957730757419384
ep23821,30.311871915346735
ep23822,31.628153449845186
ep23823,-13.994164535871148
ep23824,-13.994164535871148
ep23825,32.957730757419384
ep23826,30.311871915346735
ep23827,34.30073813880746
ep23828,34.30073813880746
ep23829,31.628153449845186
ep23830,39.80980218604849
ep23831,30.311871915346735
ep23832,-13.994164535871148
ep23833,32.957730757419384
ep23834,-13.994164535871148
ep23835,31.628153449845186
ep23836,-13.994164535871148
ep23837,-13.994164535871148
ep23838,-13.994164535871148
ep23839,39.80980218604849
ep23840,-13.994164535871148
ep23841,35.65731125132067
ep23842,-13.994164535871148
ep23843,35.65731125132067
ep23844,-13.994164535871148
ep23845,-13.994164535871148
ep23846,-13.994164535871148
ep23847,34.30073813880746
ep23848,-13.994164535871148
ep23849,30.311871915346735
ep23850,-13.994164535871148
ep23851,29.00875319619327
ep23852,37.02758712254613
ep23853,30.311871915346735
ep23854,-13.994164535871148
ep23855,-13.994164535871148
ep23856,-13.994164535871148
ep23857,-13.994164535871148
ep23858,30.311871915346735
ep23859,32.957730757419384
ep23860,38.41170416418801
ep23861,30.311871915346735
ep23862,35.65731125132067
ep23863,30.311871915346735
ep23864,32.957730757419384
ep23865,35.65731125132067
ep23866,34.30073813880746
ep23867,-13.994164535871148
ep23868,-13.994164535871148
ep23869,30.311871915346735
ep23870,30.311871915346735
ep23871,35.65731125132067
ep23872,34.30073813880746
ep23873,-13.994164535871148
ep23874,30.311871915346735
ep23875,32.957730757419384
ep23876,-13.994164535871148
ep23877,-13.994164535871148
ep23878,32.957730757419384
ep23879,32.957730757419384
ep23880,-13.994164535871148
ep23881,30.311871915346735
ep23882,-13.994164535871148
ep23883,30.311871915346735
ep23884,29.00875319619327
ep23885,-13.994164535871148
ep23886,-13.994164535871148
ep23887,-13.994164535871148
ep23888,-13.994164535871148
ep23889,31.628153449845186
ep23890,-13.994164535871148
ep23891,29.00875319619327
ep23892,-13.994164535871148
ep23893,30.311871915346735
ep23894,-13.994164535871148
ep23895,-13.994164535871148
ep23896,34.30073813880746
ep23897,-13.994164535871148
ep23898,29.00875319619327
ep23899,38.41170416418801
ep23900,-13.994164535871148
ep23901,34.30073813880746
ep23902,31.628153449845186
ep23903,-13.994164535871148
ep23904,-13.994164535871148
ep23905,30.311871915346735
ep23906,-13.994164535871148
ep23907,30.311871915346735
ep23908,-13.994164535871148
ep23909,34.30073813880746
ep23910,38.41170416418801
ep23911,39.80980218604849
ep23912,38.41170416418801
ep23913,-13.994164535871148
ep23914,-13.994164535871148
ep23915,32.957730757419384
ep23916,30.311871915346735
ep23917,30.311871915346735
ep23918,31.628153449845186
ep23919,30.311871915346735
ep23920,32.957730757419384
ep23921,30.311871915346735
ep23922,-13.994164535871148
ep23923,37.02758712254613
ep23924,32.957730757419384
ep23925,-13.994164535871148
ep23926,-13.994164535871148
ep23927,34.30073813880746
ep23928,-13.994164535871148
ep23929,30.311871915346735
ep23930,34.30073813880746
ep23931,30.311871915346735
ep23932,-13.994164535871148
ep23933,29.00875319619327
ep23934,34.30073813880746
ep23935,35.65731125132067
ep23936,-13.994164535871148
ep23937,30.311871915346735
ep23938,-13.994164535871148
ep23939,-13.994164535871148
ep23940,-13.994164535871148
ep23941,37.02758712254613
ep23942,-13.994164535871148
ep23943,-13.994164535871148
ep23944,-13.994164535871148
ep23945,39.80980218604849
ep23946,-13.994164535871148
ep23947,37.02758712254613
ep23948,-13.994164535871148
ep23949,39.80980218604849
ep23950,31.628153449845186
ep23951,35.65731125132067
ep23952,-13.994164535871148
ep23953,-13.994164535871148
ep23954,30.311871915346735
ep23955,-13.994164535871148
ep23956,-13.994164535871148
ep23957,-13.994164535871148
ep23958,39.80980218604849
ep23959,37.02758712254613
ep23960,-13.994164535871148
ep23961,-13.994164535871148
ep23962,-13.994164535871148
ep23963,30.311871915346735
ep23964,35.65731125132067
ep23965,37.02758712254613
ep23966,31.628153449845186
ep23967,-13.994164535871148
ep23968,-13.994164535871148
ep23969,41.22202241015
ep23970,30.311871915346735
ep23971,32.957730757419384
ep23972,31.628153449845186
ep23973,38.41170416418801
ep23974,-13.994164535871148
ep23975,37.02758712254613
ep23976,39.80980218604849
ep23977,-13.994164535871148
ep23978,34.30073813880746
ep23979,-13.994164535871148
ep23980,34.30073813880746
ep23981,38.41170416418801
ep23982,-13.994164535871148
ep23983,41.22202241015
ep23984,-13.994164535871148
ep23985,29.00875319619327
ep23986,39.80980218604849
ep23987,-13.994164535871148
ep23988,-13.994164535871148
ep23989,30.311871915346735
ep23990,31.628153449845186
ep23991,37.02758712254613
ep23992,-13.994164535871148
ep23993,30.311871915346735
ep23994,-13.994164535871148
ep23995,37.02758712254613
ep23996,-13.994164535871148
ep23997,31.628153449845186
ep23998,-13.994164535871148
ep23999,32.957730757419384
ep24000,30.311871915346735
ep24001,-13.994164535871148
ep24002,-13.994164535871148
ep24003,-13.994164535871148
ep24004,31.628153449845186
ep24005,-13.994164535871148
ep24006,-13.994164535871148
ep24007,38.41170416418801
ep24008,-13.994164535871148
ep24009,30.311871915346735
ep24010,-13.994164535871148
ep24011,-13.994164535871148
ep24012,30.311871915346735
ep24013,-13.994164535871148
ep24014,-13.994164535871148
ep24015,-13.994164535871148
ep24016,-13.994164535871148
ep24017,31.628153449845186
ep24018,-13.994164535871148
ep24019,-13.994164535871148
ep24020,-13.994164535871148
ep24021,30.311871915346735
ep24022,30.311871915346735
ep24023,37.02758712254613
ep24024,29.00875319619327
ep24025,39.80980218604849
ep24026,39.80980218604849
ep24027,34.30073813880746
ep24028,32.957730757419384
ep24029,37.02758712254613
ep24030,-13.994164535871148
ep24031,-13.994164535871148
ep24032,38.41170416418801
ep24033,31.628153449845186
ep24034,-13.994164535871148
ep24035,-13.994164535871148
ep24036,39.80980218604849
ep24037,-13.994164535871148
ep24038,32.957730757419384
ep24039,-13.994164535871148
ep24040,32.957730757419384
ep24041,-13.994164535871148
ep24042,37.02758712254613
ep24043,-13.994164535871148
ep24044,34.30073813880746
ep24045,30.311871915346735
ep24046,35.65731125132067
ep24047,-13.994164535871148
ep24048,30.311871915346735
ep24049,30.311871915346735
ep24050,-13.994164535871148
ep24051,-13.994164535871148
ep24052,30.311871915346735
ep24053,41.22202241015
ep24054,39.80980218604849
ep24055,-13.994164535871148
ep24056,30.311871915346735
ep24057,34.30073813880746
ep24058,-13.994164535871148
ep24059,39.80980218604849
ep24060,-13.994164535871148
ep24061,-13.994164535871148
ep24062,-13.994164535871148
ep24063,32.957730757419384
ep24064,-13.994164535871148
ep24065,31.628153449845186
ep24066,30.311871915346735
ep24067,-13.994164535871148
ep24068,32.957730757419384
ep24069,29.00875319619327
ep24070,-13.994164535871148
ep24071,-13.994164535871148
ep24072,38.41170416418801
ep24073,34.30073813880746
ep24074,-13.994164535871148
ep24075,41.22202241015
ep24076,38.41170416418801
ep24077,-13.994164535871148
ep24078,-13.994164535871148
ep24079,-13.994164535871148
ep24080,-13.994164535871148
ep24081,29.00875319619327
ep24082,38.41170416418801
ep24083,-13.994164535871148
ep24084,-13.994164535871148
ep24085,37.02758712254613
ep24086,32.957730757419384
ep24087,41.22202241015
ep24088,-13.994164535871148
ep24089,30.311871915346735
ep24090,32.957730757419384
ep24091,-13.994164535871148
ep24092,32.957730757419384
ep24093,-13.994164535871148
ep24094,-13.994164535871148
ep24095,-13.994164535871148
ep24096,-13.994164535871148
ep24097,37.02758712254613
ep24098,30.311871915346735
ep24099,32.957730757419384
ep24100,-13.994164535871148
ep24101,30.311871915346735
ep24102,-13.994164535871148
ep24103,-13.994164535871148
ep24104,30.311871915346735
ep24105,30.311871915346735
ep24106,30.311871915346735
ep24107,-13.994164535871148
ep24108,-13.994164535871148
ep24109,-13.994164535871148
ep24110,30.311871915346735
ep24111,39.80980218604849
ep24112,32.957730757419384
ep24113,41.22202241015
ep24114,31.628153449845186
ep24115,-13.994164535871148
ep24116,37.02758712254613
ep24117,-13.994164535871148
ep24118,32.957730757419384
ep24119,30.311871915346735
ep24120,-13.994164535871148
ep24121,-13.994164535871148
ep24122,-13.994164535871148
ep24123,38.41170416418801
ep24124,31.628153449845186
ep24125,37.02758712254613
ep24126,35.65731125132067
ep24127,-13.994164535871148
ep24128,37.02758712254613
ep24129,-13.994164535871148
ep24130,-13.994164535871148
ep24131,30.311871915346735
ep24132,32.957730757419384
ep24133,34.30073813880746
ep24134,32.957730757419384
ep24135,-13.994164535871148
ep24136,32.957730757419384
ep24137,-13.994164535871148
ep24138,-13.994164535871148
ep24139,31.628153449845186
ep24140,30.311871915346735
ep24141,32.957730757419384
ep24142,34.30073813880746
ep24143,-13.994164535871148
ep24144,32.957730757419384
ep24145,-13.994164535871148
ep24146,38.41170416418801
ep24147,37.02758712254613
ep24148,37.02758712254613
ep24149,30.311871915346735
ep24150,30.311871915346735
ep24151,38.41170416418801
ep24152,29.00875319619327
ep24153,-13.994164535871148
ep24154,30.311871915346735
ep24155,32.957730757419384
ep24156,30.311871915346735
ep24157,-13.994164535871148
ep24158,-13.994164535871148
ep24159,39.80980218604849
ep24160,37.02758712254613
ep24161,32.957730757419384
ep24162,41.22202241015
ep24163,-13.994164535871148
ep24164,-13.994164535871148
ep24165,31.628153449845186
ep24166,-13.994164535871148
ep24167,41.22202241015
ep24168,-13.994164535871148
ep24169,-13.994164535871148
ep24170,35.65731125132067
ep24171,32.957730757419384
ep24172,30.311871915346735
ep24173,41.22202241015
ep24174,37.02758712254613
ep24175,37.02758712254613
ep24176,37.02758712254613
ep24177,35.65731125132067
ep24178,34.30073813880746
ep24179,-13.994164535871148
ep24180,-13.994164535871148
ep24181,-13.994164535871148
ep24182,-13.994164535871148
ep24183,39.80980218604849
ep24184,37.02758712254613
ep24185,30.311871915346735
ep24186,-13.994164535871148
ep24187,34.30073813880746
ep24188,30.311871915346735
ep24189,30.311871915346735
ep24190,-13.994164535871148
ep24191,35.65731125132067
ep24192,30.311871915346735
ep24193,32.957730757419384
ep24194,-13.994164535871148
ep24195,30.311871915346735
ep24196,-13.994164535871148
ep24197,-13.994164535871148
ep24198,-13.994164535871148
ep24199,-13.994164535871148
ep24200,-13.994164535871148
ep24201,30.311871915346735
ep24202,32.957730757419384
ep24203,-13.994164535871148
ep24204,30.311871915346735
ep24205,-13.994164535871148
ep24206,37.02758712254613
ep24207,-13.994164535871148
ep24208,-13.994164535871148
ep24209,-13.994164535871148
ep24210,-13.994164535871148
ep24211,-13.994164535871148
ep24212,37.02758712254613
ep24213,-13.994164535871148
ep24214,-13.994164535871148
ep24215,39.80980218604849
ep24216,-13.994164535871148
ep24217,35.65731125132067
ep24218,-13.994164535871148
ep24219,34.30073813880746
ep24220,-13.994164535871148
ep24221,34.30073813880746
ep24222,-13.994164535871148
ep24223,41.22202241015
ep24224,-13.994164535871148
ep24225,-13.994164535871148
ep24226,-13.994164535871148
ep24227,34.30073813880746
ep24228,-13.994164535871148
ep24229,37.02758712254613
ep24230,32.957730757419384
ep24231,-13.994164535871148
ep24232,31.628153449845186
ep24233,-13.994164535871148
ep24234,-13.994164535871148
ep24235,32.957730757419384
ep24236,-13.994164535871148
ep24237,39.80980218604849
ep24238,-13.994164535871148
ep24239,41.22202241015
ep24240,-13.994164535871148
ep24241,32.957730757419384
ep24242,-13.994164535871148
ep24243,30.311871915346735
ep24244,34.30073813880746
ep24245,32.957730757419384
ep24246,-13.994164535871148
ep24247,34.30073813880746
ep24248,-13.994164535871148
ep24249,-13.994164535871148
ep24250,-13.994164535871148
ep24251,-13.994164535871148
ep24252,-13.994164535871148
ep24253,32.957730757419384
ep24254,32.957730757419384
ep24255,34.30073813880746
ep24256,30.311871915346735
ep24257,32.957730757419384
ep24258,-13.994164535871148
ep24259,-13.994164535871148
ep24260,-13.994164535871148
ep24261,31.628153449845186
ep24262,-13.994164535871148
ep24263,-13.994164535871148
ep24264,-13.994164535871148
ep24265,34.30073813880746
ep24266,30.311871915346735
ep24267,37.02758712254613
ep24268,38.41170416418801
ep24269,-13.994164535871148
ep24270,-13.994164535871148
ep24271,-13.994164535871148
ep24272,-13.994164535871148
ep24273,30.311871915346735
ep24274,39.80980218604849
ep24275,38.41170416418801
ep24276,-13.994164535871148
ep24277,39.80980218604849
ep24278,31.628153449845186
ep24279,-13.994164535871148
ep24280,-13.994164535871148
ep24281,-13.994164535871148
ep24282,-13.994164535871148
ep24283,29.00875319619327
ep24284,41.22202241015
ep24285,30.311871915346735
ep24286,-13.994164535871148
ep24287,-13.994164535871148
ep24288,-13.994164535871148
ep24289,31.628153449845186
ep24290,30.311871915346735
ep24291,38.41170416418801
ep24292,39.80980218604849
ep24293,32.957730757419384
ep24294,31.628153449845186
ep24295,-13.994164535871148
ep24296,29.00875319619327
ep24297,35.65731125132067
ep24298,37.02758712254613
ep24299,-13.994164535871148
ep24300,39.80980218604849
ep24301,30.311871915346735
ep24302,30.311871915346735
ep24303,35.65731125132067
ep24304,-13.994164535871148
ep24305,-13.994164535871148
ep24306,34.30073813880746
ep24307,-13.994164535871148
ep24308,30.311871915346735
ep24309,-13.994164535871148
ep24310,30.311871915346735
ep24311,-13.994164535871148
ep24312,-13.994164535871148
ep24313,-13.994164535871148
ep24314,32.957730757419384
ep24315,32.957730757419384
ep24316,-13.994164535871148
ep24317,37.02758712254613
ep24318,38.41170416418801
ep24319,-13.994164535871148
ep24320,-13.994164535871148
ep24321,-13.994164535871148
ep24322,-13.994164535871148
ep24323,31.628153449845186
ep24324,32.957730757419384
ep24325,-13.994164535871148
ep24326,-13.994164535871148
ep24327,-13.994164535871148
ep24328,-13.994164535871148
ep24329,32.957730757419384
ep24330,-13.994164535871148
ep24331,41.22202241015
ep24332,32.957730757419384
ep24333,-13.994164535871148
ep24334,31.628153449845186
ep24335,-13.994164535871148
ep24336,-13.994164535871148
ep24337,35.65731125132067
ep24338,30.311871915346735
ep24339,-13.994164535871148
ep24340,39.80980218604849
ep24341,30.311871915346735
ep24342,-13.994164535871148
ep24343,30.311871915346735
ep24344,-13.994164535871148
ep24345,-13.994164535871148
ep24346,32.957730757419384
ep24347,-13.994164535871148
ep24348,-13.994164535871148
ep24349,30.311871915346735
ep24350,41.22202241015
ep24351,30.311871915346735
ep24352,29.00875319619327
ep24353,-13.994164535871148
ep24354,30.311871915346735
ep24355,30.311871915346735
ep24356,-13.994164535871148
ep24357,-13.994164535871148
ep24358,30.311871915346735
ep24359,34.30073813880746
ep24360,-13.994164535871148
ep24361,30.311871915346735
ep24362,31.628153449845186
ep24363,-13.994164535871148
ep24364,37.02758712254613
ep24365,-13.994164535871148
ep24366,-13.994164535871148
ep24367,30.311871915346735
ep24368,31.628153449845186
ep24369,34.30073813880746
ep24370,-13.994164535871148
ep24371,34.30073813880746
ep24372,30.311871915346735
ep24373,30.311871915346735
ep24374,-13.994164535871148
ep24375,34.30073813880746
ep24376,35.65731125132067
ep24377,35.65731125132067
ep24378,32.957730757419384
ep24379,-13.994164535871148
ep24380,30.311871915346735
ep24381,29.00875319619327
ep24382,34.30073813880746
ep24383,30.311871915346735
ep24384,32.957730757419384
ep24385,-13.994164535871148
ep24386,30.311871915346735
ep24387,-13.994164535871148
ep24388,37.02758712254613
ep24389,32.957730757419384
ep24390,30.311871915346735
ep24391,30.311871915346735
ep24392,-13.994164535871148
ep24393,30.311871915346735
ep24394,-13.994164535871148
ep24395,-13.994164535871148
ep24396,30.311871915346735
ep24397,32.957730757419384
ep24398,30.311871915346735
ep24399,30.311871915346735
ep24400,-13.994164535871148
ep24401,30.311871915346735
ep24402,-13.994164535871148
ep24403,-13.994164535871148
ep24404,-13.994164535871148
ep24405,-13.994164535871148
ep24406,31.628153449845186
ep24407,-13.994164535871148
ep24408,29.00875319619327
ep24409,-13.994164535871148
ep24410,30.311871915346735
ep24411,32.957730757419384
ep24412,-13.994164535871148
ep24413,29.00875319619327
ep24414,39.80980218604849
ep24415,-13.994164535871148
ep24416,32.957730757419384
ep24417,-13.994164535871148
ep24418,-13.994164535871148
ep24419,-13.994164535871148
ep24420,-13.994164535871148
ep24421,32.957730757419384
ep24422,31.628153449845186
ep24423,-13.994164535871148
ep24424,30.311871915346735
ep24425,32.957730757419384
ep24426,39.80980218604849
ep24427,-13.994164535871148
ep24428,-13.994164535871148
ep24429,30.311871915346735
ep24430,-13.994164535871148
ep24431,34.30073813880746
ep24432,29.00875319619327
ep24433,37.02758712254613
ep24434,31.628153449845186
ep24435,37.02758712254613
ep24436,31.628153449845186
ep24437,39.80980218604849
ep24438,38.41170416418801
ep24439,-13.994164535871148
ep24440,-13.994164535871148
ep24441,32.957730757419384
ep24442,-13.994164535871148
ep24443,-13.994164535871148
ep24444,-13.994164535871148
ep24445,35.65731125132067
ep24446,30.311871915346735
ep24447,-13.994164535871148
ep24448,31.628153449845186
ep24449,-13.994164535871148
ep24450,32.957730757419384
ep24451,30.311871915346735
ep24452,-13.994164535871148
ep24453,35.65731125132067
ep24454,-13.994164535871148
ep24455,-13.994164535871148
ep24456,-13.994164535871148
ep24457,-13.994164535871148
ep24458,-13.994164535871148
ep24459,-13.994164535871148
ep24460,-13.994164535871148
ep24461,29.00875319619327
ep24462,29.00875319619327
ep24463,-13.994164535871148
ep24464,30.311871915346735
ep24465,-13.994164535871148
ep24466,-13.994164535871148
ep24467,-13.994164535871148
ep24468,32.957730757419384
ep24469,-13.994164535871148
ep24470,-13.994164535871148
ep24471,37.02758712254613
ep24472,30.311871915346735
ep24473,-13.994164535871148
ep24474,38.41170416418801
ep24475,-13.994164535871148
ep24476,-13.994164535871148
ep24477,30.311871915346735
ep24478,-13.994164535871148
ep24479,30.311871915346735
ep24480,-13.994164535871148
ep24481,31.628153449845186
ep24482,37.02758712254613
ep24483,-13.994164535871148
ep24484,-13.994164535871148
ep24485,-13.994164535871148
ep24486,-13.994164535871148
ep24487,-13.994164535871148
ep24488,-13.994164535871148
ep24489,37.02758712254613
ep24490,34.30073813880746
ep24491,31.628153449845186
ep24492,-13.994164535871148
ep24493,-13.994164535871148
ep24494,-13.994164535871148
ep24495,38.41170416418801
ep24496,37.02758712254613
ep24497,38.41170416418801
ep24498,-13.994164535871148
ep24499,31.628153449845186
ep24500,-13.994164535871148
ep24501,41.22202241015
ep24502,-13.994164535871148
ep24503,-13.994164535871148
ep24504,-13.994164535871148
ep24505,-13.994164535871148
ep24506,30.311871915346735
ep24507,32.957730757419384
ep24508,34.30073813880746
ep24509,31.628153449845186
ep24510,32.957730757419384
ep24511,-13.994164535871148
ep24512,34.30073813880746
ep24513,30.311871915346735
ep24514,34.30073813880746
ep24515,34.30073813880746
ep24516,34.30073813880746
ep24517,31.628153449845186
ep24518,-13.994164535871148
ep24519,29.00875319619327
ep24520,39.80980218604849
ep24521,34.30073813880746
ep24522,-13.994164535871148
ep24523,30.311871915346735
ep24524,30.311871915346735
ep24525,-13.994164535871148
ep24526,31.628153449845186
ep24527,32.957730757419384
ep24528,30.311871915346735
ep24529,-13.994164535871148
ep24530,-13.994164535871148
ep24531,-13.994164535871148
ep24532,29.00875319619327
ep24533,29.00875319619327
ep24534,30.311871915346735
ep24535,-13.994164535871148
ep24536,-13.994164535871148
ep24537,32.957730757419384
ep24538,-13.994164535871148
ep24539,34.30073813880746
ep24540,-13.994164535871148
ep24541,29.00875319619327
ep24542,30.311871915346735
ep24543,-13.994164535871148
ep24544,-13.994164535871148
ep24545,-13.994164535871148
ep24546,-13.994164535871148
ep24547,32.957730757419384
ep24548,-13.994164535871148
ep24549,-13.994164535871148
ep24550,-13.994164535871148
ep24551,32.957730757419384
ep24552,-13.994164535871148
ep24553,31.628153449845186
ep24554,34.30073813880746
ep24555,32.957730757419384
ep24556,30.311871915346735
ep24557,37.02758712254613
ep24558,29.00875319619327
ep24559,-13.994164535871148
ep24560,-13.994164535871148
ep24561,-13.994164535871148
ep24562,38.41170416418801
ep24563,34.30073813880746
ep24564,30.311871915346735
ep24565,-13.994164535871148
ep24566,30.311871915346735
ep24567,-13.994164535871148
ep24568,30.311871915346735
ep24569,-13.994164535871148
ep24570,32.957730757419384
ep24571,-13.994164535871148
ep24572,-13.994164535871148
ep24573,30.311871915346735
ep24574,30.311871915346735
ep24575,-13.994164535871148
ep24576,30.311871915346735
ep24577,-13.994164535871148
ep24578,41.22202241015
ep24579,32.957730757419384
ep24580,-13.994164535871148
ep24581,-13.994164535871148
ep24582,-13.994164535871148
ep24583,-13.994164535871148
ep24584,30.311871915346735
ep24585,30.311871915346735
ep24586,-13.994164535871148
ep24587,-13.994164535871148
ep24588,34.30073813880746
ep24589,34.30073813880746
ep24590,32.957730757419384
ep24591,32.957730757419384
ep24592,-13.994164535871148
ep24593,30.311871915346735
ep24594,-13.994164535871148
ep24595,30.311871915346735
ep24596,32.957730757419384
ep24597,-13.994164535871148
ep24598,-13.994164535871148
ep24599,-13.994164535871148
ep24600,34.30073813880746
ep24601,31.628153449845186
ep24602,-13.994164535871148
ep24603,34.30073813880746
ep24604,-13.994164535871148
ep24605,32.957730757419384
ep24606,-13.994164535871148
ep24607,-13.994164535871148
ep24608,31.628153449845186
ep24609,34.30073813880746
ep24610,35.65731125132067
ep24611,31.628153449845186
ep24612,29.00875319619327
ep24613,30.311871915346735
ep24614,-13.994164535871148
ep24615,-13.994164535871148
ep24616,30.311871915346735
ep24617,37.02758712254613
ep24618,-13.994164535871148
ep24619,-13.994164535871148
ep24620,-13.994164535871148
ep24621,30.311871915346735
ep24622,-13.994164535871148
ep24623,32.957730757419384
ep24624,30.311871915346735
ep24625,37.02758712254613
ep24626,30.311871915346735
ep24627,-13.994164535871148
ep24628,37.02758712254613
ep24629,39.80980218604849
ep24630,30.311871915346735
ep24631,-13.994164535871148
ep24632,-13.994164535871148
ep24633,-13.994164535871148
ep24634,-13.994164535871148
ep24635,30.311871915346735
ep24636,31.628153449845186
ep24637,-13.994164535871148
ep24638,32.957730757419384
ep24639,37.02758712254613
ep24640,-13.994164535871148
ep24641,41.22202241015
ep24642,-13.994164535871148
ep24643,38.41170416418801
ep24644,-13.994164535871148
ep24645,41.22202241015
ep24646,-13.994164535871148
ep24647,32.957730757419384
ep24648,31.628153449845186
ep24649,30.311871915346735
ep24650,37.02758712254613
ep24651,-13.994164535871148
ep24652,-13.994164535871148
ep24653,34.30073813880746
ep24654,-13.994164535871148
ep24655,29.00875319619327
ep24656,-13.994164535871148
ep24657,29.00875319619327
ep24658,32.957730757419384
ep24659,32.957730757419384
ep24660,30.311871915346735
ep24661,-13.994164535871148
ep24662,-13.994164535871148
ep24663,39.80980218604849
ep24664,31.628153449845186
ep24665,38.41170416418801
ep24666,31.628153449845186
ep24667,34.30073813880746
ep24668,35.65731125132067
ep24669,-13.994164535871148
ep24670,-13.994164535871148
ep24671,-13.994164535871148
ep24672,34.30073813880746
ep24673,-13.994164535871148
ep24674,-13.994164535871148
ep24675,-13.994164535871148
ep24676,-13.994164535871148
ep24677,-13.994164535871148
ep24678,30.311871915346735
ep24679,-13.994164535871148
ep24680,31.628153449845186
ep24681,-13.994164535871148
ep24682,38.41170416418801
ep24683,30.311871915346735
ep24684,32.957730757419384
ep24685,-13.994164535871148
ep24686,32.957730757419384
ep24687,-13.994164535871148
ep24688,34.30073813880746
ep24689,32.957730757419384
ep24690,32.957730757419384
ep24691,30.311871915346735
ep24692,29.00875319619327
ep24693,-13.994164535871148
ep24694,-13.994164535871148
ep24695,32.957730757419384
ep24696,31.628153449845186
ep24697,37.02758712254613
ep24698,41.22202241015
ep24699,-13.994164535871148
ep24700,30.311871915346735
ep24701,35.65731125132067
ep24702,32.957730757419384
ep24703,31.628153449845186
ep24704,34.30073813880746
ep24705,-13.994164535871148
ep24706,34.30073813880746
ep24707,-13.994164535871148
ep24708,30.311871915346735
ep24709,29.00875319619327
ep24710,-13.994164535871148
ep24711,29.00875319619327
ep24712,-13.994164535871148
ep24713,-13.994164535871148
ep24714,32.957730757419384
ep24715,30.311871915346735
ep24716,30.311871915346735
ep24717,31.628153449845186
ep24718,30.311871915346735
ep24719,30.311871915346735
ep24720,30.311871915346735
ep24721,32.957730757419384
ep24722,-13.994164535871148
ep24723,-13.994164535871148
ep24724,-13.994164535871148
ep24725,-13.994164535871148
ep24726,30.311871915346735
ep24727,32.957730757419384
ep24728,31.628153449845186
ep24729,30.311871915346735
ep24730,-13.994164535871148
ep24731,-13.994164535871148
ep24732,29.00875319619327
ep24733,37.02758712254613
ep24734,37.02758712254613
ep24735,-13.994164535871148
ep24736,31.628153449845186
ep24737,-13.994164535871148
ep24738,-13.994164535871148
ep24739,31.628153449845186
ep24740,37.02758712254613
ep24741,-13.994164535871148
ep24742,34.30073813880746
ep24743,-13.994164535871148
ep24744,-13.994164535871148
ep24745,29.00875319619327
ep24746,-13.994164535871148
ep24747,32.957730757419384
ep24748,-13.994164535871148
ep24749,-13.994164535871148
ep24750,34.30073813880746
ep24751,-13.994164535871148
ep24752,31.628153449845186
ep24753,39.80980218604849
ep24754,31.628153449845186
ep24755,29.00875319619327
ep24756,30.311871915346735
ep24757,-13.994164535871148
ep24758,39.80980218604849
ep24759,-13.994164535871148
ep24760,35.65731125132067
ep24761,-13.994164535871148
ep24762,-13.994164535871148
ep24763,-13.994164535871148
ep24764,37.02758712254613
ep24765,-13.994164535871148
ep24766,38.41170416418801
ep24767,-13.994164535871148
ep24768,31.628153449845186
ep24769,29.00875319619327
ep24770,39.80980218604849
ep24771,32.957730757419384
ep24772,-13.994164535871148
ep24773,-13.994164535871148
ep24774,-13.994164535871148
ep24775,29.00875319619327
ep24776,38.41170416418801
ep24777,39.80980218604849
ep24778,-13.994164535871148
ep24779,37.02758712254613
ep24780,37.02758712254613
ep24781,31.628153449845186
ep24782,34.30073813880746
ep24783,32.957730757419384
ep24784,31.628153449845186
ep24785,34.30073813880746
ep24786,31.628153449845186
ep24787,31.628153449845186
ep24788,32.957730757419384
ep24789,-13.994164535871148
ep24790,30.311871915346735
ep24791,-13.994164535871148
ep24792,32.957730757419384
ep24793,32.957730757419384
ep24794,-13.994164535871148
ep24795,34.30073813880746
ep24796,29.00875319619327
ep24797,32.957730757419384
ep24798,-13.994164535871148
ep24799,41.22202241015
ep24800,-13.994164535871148
ep24801,-13.994164535871148
ep24802,-13.994164535871148
ep24803,-13.994164535871148
ep24804,-13.994164535871148
ep24805,-13.994164535871148
ep24806,30.311871915346735
ep24807,30.311871915346735
ep24808,30.311871915346735
ep24809,-13.994164535871148
ep24810,30.311871915346735
ep24811,-13.994164535871148
ep24812,-13.994164535871148
ep24813,-13.994164535871148
ep24814,32.957730757419384
ep24815,32.957730757419384
ep24816,-13.994164535871148
ep24817,38.41170416418801
ep24818,-13.994164535871148
ep24819,39.80980218604849
ep24820,-13.994164535871148
ep24821,38.41170416418801
ep24822,-13.994164535871148
ep24823,-13.994164535871148
ep24824,-13.994164535871148
ep24825,-13.994164535871148
ep24826,-13.994164535871148
ep24827,-13.994164535871148
ep24828,30.311871915346735
ep24829,30.311871915346735
ep24830,32.957730757419384
ep24831,-13.994164535871148
ep24832,32.957730757419384
ep24833,30.311871915346735
ep24834,-13.994164535871148
ep24835,-13.994164535871148
ep24836,37.02758712254613
ep24837,-13.994164535871148
ep24838,34.30073813880746
ep24839,-13.994164535871148
ep24840,-13.994164535871148
ep24841,-13.994164535871148
ep24842,-13.994164535871148
ep24843,34.30073813880746
ep24844,30.311871915346735
ep24845,-13.994164535871148
ep24846,-13.994164535871148
ep24847,-13.994164535871148
ep24848,-13.994164535871148
ep24849,30.311871915346735
ep24850,31.628153449845186
ep24851,-13.994164535871148
ep24852,-13.994164535871148
ep24853,-13.994164535871148
ep24854,31.628153449845186
ep24855,-13.994164535871148
ep24856,34.30073813880746
ep24857,37.02758712254613
ep24858,-13.994164535871148
ep24859,32.957730757419384
ep24860,-13.994164535871148
ep24861,-13.994164535871148
ep24862,32.957730757419384
ep24863,34.30073813880746
ep24864,-13.994164535871148
ep24865,-13.994164535871148
ep24866,29.00875319619327
ep24867,-13.994164535871148
ep24868,38.41170416418801
ep24869,30.311871915346735
ep24870,-13.994164535871148
ep24871,-13.994164535871148
ep24872,41.22202241015
ep24873,30.311871915346735
ep24874,-13.994164535871148
ep24875,32.957730757419384
ep24876,-13.994164535871148
ep24877,-13.994164535871148
ep24878,-13.994164535871148
ep24879,32.957730757419384
ep24880,34.30073813880746
ep24881,30.311871915346735
ep24882,38.41170416418801
ep24883,32.957730757419384
ep24884,-13.994164535871148
ep24885,34.30073813880746
ep24886,-13.994164535871148
ep24887,-13.994164535871148
ep24888,41.22202241015
ep24889,35.65731125132067
ep24890,-13.994164535871148
ep24891,31.628153449845186
ep24892,30.311871915346735
ep24893,-13.994164535871148
ep24894,-13.994164535871148
ep24895,-13.994164535871148
ep24896,-13.994164535871148
ep24897,30.311871915346735
ep24898,-13.994164535871148
ep24899,31.628153449845186
ep24900,41.22202241015
ep24901,32.957730757419384
ep24902,-13.994164535871148
ep24903,-13.994164535871148
ep24904,34.30073813880746
ep24905,-13.994164535871148
ep24906,-13.994164535871148
ep24907,-13.994164535871148
ep24908,-13.994164535871148
ep24909,-13.994164535871148
ep24910,-13.994164535871148
ep24911,-13.994164535871148
ep24912,37.02758712254613
ep24913,-13.994164535871148
ep24914,30.311871915346735
ep24915,39.80980218604849
ep24916,-13.994164535871148
ep24917,-13.994164535871148
ep24918,32.957730757419384
ep24919,35.65731125132067
ep24920,-13.994164535871148
ep24921,29.00875319619327
ep24922,-13.994164535871148
ep24923,32.957730757419384
ep24924,-13.994164535871148
ep24925,-13.994164535871148
ep24926,-13.994164535871148
ep24927,-13.994164535871148
ep24928,34.30073813880746
ep24929,30.311871915346735
ep24930,-13.994164535871148
ep24931,-13.994164535871148
ep24932,-13.994164535871148
ep24933,-13.994164535871148
ep24934,-13.994164535871148
ep24935,32.957730757419384
ep24936,35.65731125132067
ep24937,-13.994164535871148
ep24938,39.80980218604849
ep24939,-13.994164535871148
ep24940,-13.994164535871148
ep24941,-13.994164535871148
ep24942,-13.994164535871148
ep24943,32.957730757419384
ep24944,34.30073813880746
ep24945,-13.994164535871148
ep24946,-13.994164535871148
ep24947,-13.994164535871148
ep24948,34.30073813880746
ep24949,32.957730757419384
ep24950,37.02758712254613
ep24951,34.30073813880746
ep24952,-13.994164535871148
ep24953,-13.994164535871148
ep24954,30.311871915346735
ep24955,-13.994164535871148
ep24956,30.311871915346735
ep24957,-13.994164535871148
ep24958,38.41170416418801
ep24959,-13.994164535871148
ep24960,32.957730757419384
ep24961,37.02758712254613
ep24962,-13.994164535871148
ep24963,-13.994164535871148
ep24964,37.02758712254613
ep24965,29.00875319619327
ep24966,32.957730757419384
ep24967,30.311871915346735
ep24968,30.311871915346735
ep24969,-13.994164535871148
ep24970,-13.994164535871148
ep24971,30.311871915346735
ep24972,-13.994164535871148
ep24973,-13.994164535871148
ep24974,-13.994164535871148
ep24975,-13.994164535871148
ep24976,-13.994164535871148
ep24977,30.311871915346735
ep24978,-13.994164535871148
ep24979,-13.994164535871148
ep24980,32.957730757419384
ep24981,34.30073813880746
ep24982,30.311871915346735
ep24983,-13.994164535871148
ep24984,-13.994164535871148
ep24985,31.628153449845186
ep24986,-13.994164535871148
ep24987,-13.994164535871148
ep24988,-13.994164535871148
ep24989,30.311871915346735
ep24990,32.957730757419384
ep24991,30.311871915346735
ep24992,-13.994164535871148
ep24993,32.957730757419384
ep24994,37.02758712254613
ep24995,31.628153449845186
ep24996,-13.994164535871148
ep24997,30.311871915346735
ep24998,37.02758712254613
ep24999,34.30073813880746
ep25000,-13.994164535871148
ep25001,34.30073813880746
ep25002,34.30073813880746
ep25003,34.30073813880746
ep25004,30.311871915346735
ep25005,-13.994164535871148
ep25006,-13.994164535871148
ep25007,-13.994164535871148
ep25008,30.311871915346735
ep25009,-13.994164535871148
ep25010,-13.994164535871148
ep25011,30.311871915346735
ep25012,30.311871915346735
ep25013,30.311871915346735
ep25014,30.311871915346735
ep25015,-13.994164535871148
ep25016,29.00875319619327
ep25017,-13.994164535871148
ep25018,-13.994164535871148
ep25019,-13.994164535871148
ep25020,-13.994164535871148
ep25021,41.22202241015
ep25022,37.02758712254613
ep25023,29.00875319619327
ep25024,37.02758712254613
ep25025,30.311871915346735
ep25026,-13.994164535871148
ep25027,-13.994164535871148
ep25028,31.628153449845186
ep25029,-13.994164535871148
ep25030,34.30073813880746
ep25031,-13.994164535871148
ep25032,-13.994164535871148
ep25033,30.311871915346735
ep25034,32.957730757419384
ep25035,-13.994164535871148
ep25036,30.311871915346735
ep25037,-13.994164535871148
ep25038,-13.994164535871148
ep25039,-13.994164535871148
ep25040,-13.994164535871148
ep25041,-13.994164535871148
ep25042,29.00875319619327
ep25043,30.311871915346735
ep25044,39.80980218604849
ep25045,29.00875319619327
ep25046,30.311871915346735
ep25047,30.311871915346735
ep25048,-13.994164535871148
ep25049,41.22202241015
ep25050,30.311871915346735
ep25051,30.311871915346735
ep25052,29.00875319619327
ep25053,29.00875319619327
ep25054,-13.994164535871148
ep25055,-13.994164535871148
ep25056,32.957730757419384
ep25057,-13.994164535871148
ep25058,-13.994164535871148
ep25059,38.41170416418801
ep25060,-13.994164535871148
ep25061,-13.994164535871148
ep25062,32.957730757419384
ep25063,35.65731125132067
ep25064,38.41170416418801
ep25065,31.628153449845186
ep25066,-13.994164535871148
ep25067,30.311871915346735
ep25068,30.311871915346735
ep25069,30.311871915346735
ep25070,-13.994164535871148
ep25071,-13.994164535871148
ep25072,30.311871915346735
ep25073,38.41170416418801
ep25074,-13.994164535871148
ep25075,-13.994164535871148
ep25076,-13.994164535871148
ep25077,-13.994164535871148
ep25078,-13.994164535871148
ep25079,-13.994164535871148
ep25080,34.30073813880746
ep25081,34.30073813880746
ep25082,30.311871915346735
ep25083,41.22202241015
ep25084,37.02758712254613
ep25085,34.30073813880746
ep25086,-13.994164535871148
ep25087,29.00875319619327
ep25088,30.311871915346735
ep25089,30.311871915346735
ep25090,35.65731125132067
ep25091,-13.994164535871148
ep25092,39.80980218604849
ep25093,34.30073813880746
ep25094,-13.994164535871148
ep25095,32.957730757419384
ep25096,31.628153449845186
ep25097,-13.994164535871148
ep25098,-13.994164535871148
ep25099,39.80980218604849
ep25100,30.311871915346735
ep25101,30.311871915346735
ep25102,-13.994164535871148
ep25103,-13.994164535871148
ep25104,-13.994164535871148
ep25105,35.65731125132067
ep25106,30.311871915346735
ep25107,-13.994164535871148
ep25108,34.30073813880746
ep25109,-13.994164535871148
ep25110,-13.994164535871148
ep25111,-13.994164535871148
ep25112,-13.994164535871148
ep25113,30.311871915346735
ep25114,39.80980218604849
ep25115,30.311871915346735
ep25116,-13.994164535871148
ep25117,-13.994164535871148
ep25118,29.00875319619327
ep25119,-13.994164535871148
ep25120,-13.994164535871148
ep25121,30.311871915346735
ep25122,39.80980218604849
ep25123,29.00875319619327
ep25124,29.00875319619327
ep25125,32.957730757419384
ep25126,-13.994164535871148
ep25127,41.22202241015
ep25128,-13.994164535871148
ep25129,41.22202241015
ep25130,-13.994164535871148
ep25131,38.41170416418801
ep25132,-13.994164535871148
ep25133,37.02758712254613
ep25134,29.00875319619327
ep25135,32.957730757419384
ep25136,30.311871915346735
ep25137,-13.994164535871148
ep25138,-13.994164535871148
ep25139,38.41170416418801
ep25140,29.00875319619327
ep25141,32.957730757419384
ep25142,30.311871915346735
ep25143,41.22202241015
ep25144,-13.994164535871148
ep25145,-13.994164535871148
ep25146,32.957730757419384
ep25147,37.02758712254613
ep25148,-13.994164535871148
ep25149,-13.994164535871148
ep25150,37.02758712254613
ep25151,34.30073813880746
ep25152,37.02758712254613
ep25153,-13.994164535871148
ep25154,32.957730757419384
ep25155,32.957730757419384
ep25156,-13.994164535871148
ep25157,30.311871915346735
ep25158,-13.994164535871148
ep25159,-13.994164535871148
ep25160,-13.994164535871148
ep25161,32.957730757419384
ep25162,37.02758712254613
ep25163,32.957730757419384
ep25164,-13.994164535871148
ep25165,-13.994164535871148
ep25166,-13.994164535871148
ep25167,-13.994164535871148
ep25168,-13.994164535871148
ep25169,-13.994164535871148
ep25170,30.311871915346735
ep25171,30.311871915346735
ep25172,-13.994164535871148
ep25173,30.311871915346735
ep25174,32.957730757419384
ep25175,-13.994164535871148
ep25176,-13.994164535871148
ep25177,-13.994164535871148
ep25178,-13.994164535871148
ep25179,32.957730757419384
ep25180,-13.994164535871148
ep25181,-13.994164535871148
ep25182,-13.994164535871148
ep25183,30.311871915346735
ep25184,-13.994164535871148
ep25185,34.30073813880746
ep25186,-13.994164535871148
ep25187,39.80980218604849
ep25188,38.41170416418801
ep25189,37.02758712254613
ep25190,29.00875319619327
ep25191,-13.994164535871148
ep25192,30.311871915346735
ep25193,31.628153449845186
ep25194,30.311871915346735
ep25195,30.311871915346735
ep25196,38.41170416418801
ep25197,-13.994164535871148
ep25198,-13.994164535871148
ep25199,32.957730757419384
ep25200,-13.994164535871148
ep25201,-13.994164535871148
ep25202,34.30073813880746
ep25203,38.41170416418801
ep25204,-13.994164535871148
ep25205,39.80980218604849
ep25206,-13.994164535871148
ep25207,32.957730757419384
ep25208,35.65731125132067
ep25209,32.957730757419384
ep25210,29.00875319619327
ep25211,-13.994164535871148
ep25212,-13.994164535871148
ep25213,35.65731125132067
ep25214,32.957730757419384
ep25215,-13.994164535871148
ep25216,30.311871915346735
ep25217,37.02758712254613
ep25218,32.957730757419384
ep25219,-13.994164535871148
ep25220,29.00875319619327
ep25221,37.02758712254613
ep25222,38.41170416418801
ep25223,-13.994164535871148
ep25224,30.311871915346735
ep25225,31.628153449845186
ep25226,-13.994164535871148
ep25227,32.957730757419384
ep25228,-13.994164535871148
ep25229,-13.994164535871148
ep25230,39.80980218604849
ep25231,29.00875319619327
ep25232,30.311871915346735
ep25233,29.00875319619327
ep25234,-13.994164535871148
ep25235,30.311871915346735
ep25236,30.311871915346735
ep25237,-13.994164535871148
ep25238,-13.994164535871148
ep25239,-13.994164535871148
ep25240,-13.994164535871148
ep25241,32.957730757419384
ep25242,-13.994164535871148
ep25243,32.957730757419384
ep25244,39.80980218604849
ep25245,-13.994164535871148
ep25246,-13.994164535871148
ep25247,29.00875319619327
ep25248,30.311871915346735
ep25249,-13.994164535871148
ep25250,38.41170416418801
ep25251,30.311871915346735
ep25252,-13.994164535871148
ep25253,31.628153449845186
ep25254,-13.994164535871148
ep25255,38.41170416418801
ep25256,30.311871915346735
ep25257,-13.994164535871148
ep25258,41.22202241015
ep25259,30.311871915346735
ep25260,-13.994164535871148
ep25261,32.957730757419384
ep25262,-13.994164535871148
ep25263,-13.994164535871148
ep25264,34.30073813880746
ep25265,30.311871915346735
ep25266,34.30073813880746
ep25267,-13.994164535871148
ep25268,-13.994164535871148
ep25269,-13.994164535871148
ep25270,-13.994164535871148
ep25271,32.957730757419384
ep25272,34.30073813880746
ep25273,-13.994164535871148
ep25274,-13.994164535871148
ep25275,37.02758712254613
ep25276,31.628153449845186
ep25277,31.628153449845186
ep25278,-13.994164535871148
ep25279,30.311871915346735
ep25280,38.41170416418801
ep25281,29.00875319619327
ep25282,-13.994164535871148
ep25283,34.30073813880746
ep25284,-13.994164535871148
ep25285,-13.994164535871148
ep25286,-13.994164535871148
ep25287,34.30073813880746
ep25288,30.311871915346735
ep25289,-13.994164535871148
ep25290,-13.994164535871148
ep25291,-13.994164535871148
ep25292,37.02758712254613
ep25293,-13.994164535871148
ep25294,30.311871915346735
ep25295,30.311871915346735
ep25296,39.80980218604849
ep25297,-13.994164535871148
ep25298,-13.994164535871148
ep25299,32.957730757419384
ep25300,41.22202241015
ep25301,30.311871915346735
ep25302,-13.994164535871148
ep25303,32.957730757419384
ep25304,-13.994164535871148
ep25305,-13.994164535871148
ep25306,-13.994164535871148
ep25307,-13.994164535871148
ep25308,-13.994164535871148
ep25309,-13.994164535871148
ep25310,-13.994164535871148
ep25311,-13.994164535871148
ep25312,-13.994164535871148
ep25313,-13.994164535871148
ep25314,-13.994164535871148
ep25315,-13.994164535871148
ep25316,-13.994164535871148
ep25317,-13.994164535871148
ep25318,39.80980218604849
ep25319,31.628153449845186
ep25320,-13.994164535871148
ep25321,30.311871915346735
ep25322,30.311871915346735
ep25323,-13.994164535871148
ep25324,32.957730757419384
ep25325,41.22202241015
ep25326,39.80980218604849
ep25327,32.957730757419384
ep25328,-13.994164535871148
ep25329,34.30073813880746
ep25330,37.02758712254613
ep25331,37.02758712254613
ep25332,-13.994164535871148
ep25333,-13.994164535871148
ep25334,30.311871915346735
ep25335,41.22202241015
ep25336,-13.994164535871148
ep25337,34.30073813880746
ep25338,38.41170416418801
ep25339,-13.994164535871148
ep25340,29.00875319619327
ep25341,-13.994164535871148
ep25342,-13.994164535871148
ep25343,34.30073813880746
ep25344,-13.994164535871148
ep25345,31.628153449845186
ep25346,35.65731125132067
ep25347,-13.994164535871148
ep25348,32.957730757419384
ep25349,34.30073813880746
ep25350,-13.994164535871148
ep25351,-13.994164535871148
ep25352,-13.994164535871148
ep25353,30.311871915346735
ep25354,-13.994164535871148
ep25355,29.00875319619327
ep25356,-13.994164535871148
ep25357,31.628153449845186
ep25358,-13.994164535871148
ep25359,30.311871915346735
ep25360,30.311871915346735
ep25361,30.311871915346735
ep25362,-13.994164535871148
ep25363,31.628153449845186
ep25364,-13.994164535871148
ep25365,31.628153449845186
ep25366,30.311871915346735
ep25367,34.30073813880746
ep25368,-13.994164535871148
ep25369,-13.994164535871148
ep25370,37.02758712254613
ep25371,30.311871915346735
ep25372,-13.994164535871148
ep25373,-13.994164535871148
ep25374,37.02758712254613
ep25375,30.311871915346735
ep25376,30.311871915346735
ep25377,38.41170416418801
ep25378,30.311871915346735
ep25379,32.957730757419384
ep25380,-13.994164535871148
ep25381,38.41170416418801
ep25382,38.41170416418801
ep25383,38.41170416418801
ep25384,-13.994164535871148
ep25385,-13.994164535871148
ep25386,-13.994164535871148
ep25387,31.628153449845186
ep25388,-13.994164535871148
ep25389,41.22202241015
ep25390,39.80980218604849
ep25391,-13.994164535871148
ep25392,-13.994164535871148
ep25393,31.628153449845186
ep25394,39.80980218604849
ep25395,32.957730757419384
ep25396,31.628153449845186
ep25397,32.957730757419384
ep25398,31.628153449845186
ep25399,-13.994164535871148
ep25400,-13.994164535871148
ep25401,30.311871915346735
ep25402,30.311871915346735
ep25403,37.02758712254613
ep25404,-13.994164535871148
ep25405,-13.994164535871148
ep25406,30.311871915346735
ep25407,32.957730757419384
ep25408,32.957730757419384
ep25409,30.311871915346735
ep25410,39.80980218604849
ep25411,-13.994164535871148
ep25412,30.311871915346735
ep25413,-13.994164535871148
ep25414,34.30073813880746
ep25415,-13.994164535871148
ep25416,-13.994164535871148
ep25417,-13.994164535871148
ep25418,-13.994164535871148
ep25419,39.80980218604849
ep25420,-13.994164535871148
ep25421,-13.994164535871148
ep25422,41.22202241015
ep25423,31.628153449845186
ep25424,30.311871915346735
ep25425,-13.994164535871148
ep25426,-13.994164535871148
ep25427,30.311871915346735
ep25428,-13.994164535871148
ep25429,30.311871915346735
ep25430,-13.994164535871148
ep25431,-13.994164535871148
ep25432,32.957730757419384
ep25433,30.311871915346735
ep25434,-13.994164535871148
ep25435,32.957730757419384
ep25436,-13.994164535871148
ep25437,30.311871915346735
ep25438,-13.994164535871148
ep25439,39.80980218604849
ep25440,-13.994164535871148
ep25441,-13.994164535871148
ep25442,-13.994164535871148
ep25443,-13.994164535871148
ep25444,-13.994164535871148
ep25445,-13.994164535871148
ep25446,-13.994164535871148
ep25447,31.628153449845186
ep25448,32.957730757419384
ep25449,35.65731125132067
ep25450,34.30073813880746
ep25451,34.30073813880746
ep25452,30.311871915346735
ep25453,39.80980218604849
ep25454,-13.994164535871148
ep25455,-13.994164535871148
ep25456,-13.994164535871148
ep25457,32.957730757419384
ep25458,30.311871915346735
ep25459,-13.994164535871148
ep25460,32.957730757419384
ep25461,-13.994164535871148
ep25462,-13.994164535871148
ep25463,32.957730757419384
ep25464,-13.994164535871148
ep25465,38.41170416418801
ep25466,-13.994164535871148
ep25467,32.957730757419384
ep25468,-13.994164535871148
ep25469,31.628153449845186
ep25470,38.41170416418801
ep25471,-13.994164535871148
ep25472,30.311871915346735
ep25473,-13.994164535871148
ep25474,-13.994164535871148
ep25475,32.957730757419384
ep25476,-13.994164535871148
ep25477,29.00875319619327
ep25478,-13.994164535871148
ep25479,29.00875319619327
ep25480,39.80980218604849
ep25481,-13.994164535871148
ep25482,-13.994164535871148
ep25483,37.02758712254613
ep25484,-13.994164535871148
ep25485,-13.994164535871148
ep25486,30.311871915346735
ep25487,-13.994164535871148
ep25488,41.22202241015
ep25489,-13.994164535871148
ep25490,37.02758712254613
ep25491,34.30073813880746
ep25492,-13.994164535871148
ep25493,34.30073813880746
ep25494,30.311871915346735
ep25495,30.311871915346735
ep25496,39.80980218604849
ep25497,-13.994164535871148
ep25498,-13.994164535871148
ep25499,-13.994164535871148
ep25500,-13.994164535871148
ep25501,-13.994164535871148
ep25502,38.41170416418801
ep25503,34.30073813880746
ep25504,34.30073813880746
ep25505,-13.994164535871148
ep25506,34.30073813880746
ep25507,-13.994164535871148
ep25508,29.00875319619327
ep25509,-13.994164535871148
ep25510,41.22202241015
ep25511,31.628153449845186
ep25512,-13.994164535871148
ep25513,31.628153449845186
ep25514,-13.994164535871148
ep25515,-13.994164535871148
ep25516,-13.994164535871148
ep25517,30.311871915346735
ep25518,35.65731125132067
ep25519,30.311871915346735
ep25520,-13.994164535871148
ep25521,-13.994164535871148
ep25522,35.65731125132067
ep25523,30.311871915346735
ep25524,38.41170416418801
ep25525,-13.994164535871148
ep25526,-13.994164535871148
ep25527,37.02758712254613
ep25528,29.00875319619327
ep25529,-13.994164535871148
ep25530,38.41170416418801
ep25531,29.00875319619327
ep25532,41.22202241015
ep25533,-13.994164535871148
ep25534,31.628153449845186
ep25535,-13.994164535871148
ep25536,31.628153449845186
ep25537,-13.994164535871148
ep25538,-13.994164535871148
ep25539,-13.994164535871148
ep25540,-13.994164535871148
ep25541,-13.994164535871148
ep25542,-13.994164535871148
ep25543,-13.994164535871148
ep25544,-13.994164535871148
ep25545,-13.994164535871148
ep25546,34.30073813880746
ep25547,37.02758712254613
ep25548,-13.994164535871148
ep25549,38.41170416418801
ep25550,-13.994164535871148
ep25551,-13.994164535871148
ep25552,-13.994164535871148
ep25553,-13.994164535871148
ep25554,37.02758712254613
ep25555,38.41170416418801
ep25556,-13.994164535871148
ep25557,-13.994164535871148
ep25558,32.957730757419384
ep25559,-13.994164535871148
ep25560,29.00875319619327
ep25561,38.41170416418801
ep25562,29.00875319619327
ep25563,-13.994164535871148
ep25564,32.957730757419384
ep25565,-13.994164535871148
ep25566,-13.994164535871148
ep25567,37.02758712254613
ep25568,-13.994164535871148
ep25569,30.311871915346735
ep25570,39.80980218604849
ep25571,-13.994164535871148
ep25572,-13.994164535871148
ep25573,-13.994164535871148
ep25574,-13.994164535871148
ep25575,30.311871915346735
ep25576,30.311871915346735
ep25577,30.311871915346735
ep25578,37.02758712254613
ep25579,-13.994164535871148
ep25580,-13.994164535871148
ep25581,-13.994164535871148
ep25582,34.30073813880746
ep25583,32.957730757419384
ep25584,31.628153449845186
ep25585,-13.994164535871148
ep25586,-13.994164535871148
ep25587,30.311871915346735
ep25588,30.311871915346735
ep25589,-13.994164535871148
ep25590,30.311871915346735
ep25591,37.02758712254613
ep25592,-13.994164535871148
ep25593,29.00875319619327
ep25594,31.628153449845186
ep25595,37.02758712254613
ep25596,-13.994164535871148
ep25597,31.628153449845186
ep25598,-13.994164535871148
ep25599,31.628153449845186
ep25600,39.80980218604849
ep25601,32.957730757419384
ep25602,-13.994164535871148
ep25603,-13.994164535871148
ep25604,30.311871915346735
ep25605,-13.994164535871148
ep25606,-13.994164535871148
ep25607,-13.994164535871148
ep25608,-13.994164535871148
ep25609,32.957730757419384
ep25610,-13.994164535871148
ep25611,-13.994164535871148
ep25612,-13.994164535871148
ep25613,32.957730757419384
ep25614,-13.994164535871148
ep25615,32.957730757419384
ep25616,35.65731125132067
ep25617,37.02758712254613
ep25618,-13.994164535871148
ep25619,-13.994164535871148
ep25620,30.311871915346735
ep25621,29.00875319619327
ep25622,-13.994164535871148
ep25623,-13.994164535871148
ep25624,39.80980218604849
ep25625,-13.994164535871148
ep25626,-13.994164535871148
ep25627,32.957730757419384
ep25628,-13.994164535871148
ep25629,37.02758712254613
ep25630,30.311871915346735
ep25631,37.02758712254613
ep25632,31.628153449845186
ep25633,39.80980218604849
ep25634,-13.994164535871148
ep25635,32.957730757419384
ep25636,-13.994164535871148
ep25637,-13.994164535871148
ep25638,39.80980218604849
ep25639,-13.994164535871148
ep25640,-13.994164535871148
ep25641,-13.994164535871148
ep25642,-13.994164535871148
ep25643,-13.994164535871148
ep25644,34.30073813880746
ep25645,39.80980218604849
ep25646,-13.994164535871148
ep25647,31.628153449845186
ep25648,34.30073813880746
ep25649,30.311871915346735
ep25650,35.65731125132067
ep25651,30.311871915346735
ep25652,30.311871915346735
ep25653,39.80980218604849
ep25654,37.02758712254613
ep25655,-13.994164535871148
ep25656,34.30073813880746
ep25657,-13.994164535871148
ep25658,-13.994164535871148
ep25659,-13.994164535871148
ep25660,38.41170416418801
ep25661,-13.994164535871148
ep25662,39.80980218604849
ep25663,-13.994164535871148
ep25664,-13.994164535871148
ep25665,37.02758712254613
ep25666,-13.994164535871148
ep25667,-13.994164535871148
ep25668,37.02758712254613
ep25669,39.80980218604849
ep25670,30.311871915346735
ep25671,-13.994164535871148
ep25672,32.957730757419384
ep25673,34.30073813880746
ep25674,30.311871915346735
ep25675,29.00875319619327
ep25676,-13.994164535871148
ep25677,-13.994164535871148
ep25678,30.311871915346735
ep25679,34.30073813880746
ep25680,-13.994164535871148
ep25681,-13.994164535871148
ep25682,30.311871915346735
ep25683,-13.994164535871148
ep25684,32.957730757419384
ep25685,-13.994164535871148
ep25686,-13.994164535871148
ep25687,31.628153449845186
ep25688,34.30073813880746
ep25689,-13.994164535871148
ep25690,32.957730757419384
ep25691,30.311871915346735
ep25692,30.311871915346735
ep25693,39.80980218604849
ep25694,29.00875319619327
ep25695,35.65731125132067
ep25696,32.957730757419384
ep25697,-13.994164535871148
ep25698,31.628153449845186
ep25699,-13.994164535871148
ep25700,-13.994164535871148
ep25701,30.311871915346735
ep25702,30.311871915346735
ep25703,-13.994164535871148
ep25704,-13.994164535871148
ep25705,31.628153449845186
ep25706,-13.994164535871148
ep25707,-13.994164535871148
ep25708,34.30073813880746
ep25709,30.311871915346735
ep25710,-13.994164535871148
ep25711,-13.994164535871148
ep25712,-13.994164535871148
ep25713,-13.994164535871148
ep25714,-13.994164535871148
ep25715,37.02758712254613
ep25716,-13.994164535871148
ep25717,-13.994164535871148
ep25718,-13.994164535871148
ep25719,-13.994164535871148
ep25720,-13.994164535871148
ep25721,34.30073813880746
ep25722,30.311871915346735
ep25723,30.311871915346735
ep25724,-13.994164535871148
ep25725,-13.994164535871148
ep25726,-13.994164535871148
ep25727,31.628153449845186
ep25728,31.628153449845186
ep25729,-13.994164535871148
ep25730,34.30073813880746
ep25731,-13.994164535871148
ep25732,39.80980218604849
ep25733,30.311871915346735
ep25734,39.80980218604849
ep25735,-13.994164535871148
ep25736,39.80980218604849
ep25737,-13.994164535871148
ep25738,30.311871915346735
ep25739,-13.994164535871148
ep25740,-13.994164535871148
ep25741,32.957730757419384
ep25742,32.957730757419384
ep25743,-13.994164535871148
ep25744,-13.994164535871148
ep25745,-13.994164535871148
ep25746,-13.994164535871148
ep25747,34.30073813880746
ep25748,32.957730757419384
ep25749,-13.994164535871148
ep25750,-13.994164535871148
ep25751,-13.994164535871148
ep25752,29.00875319619327
ep25753,-13.994164535871148
ep25754,30.311871915346735
ep25755,32.957730757419384
ep25756,30.311871915346735
ep25757,31.628153449845186
ep25758,-13.994164535871148
ep25759,-13.994164535871148
ep25760,30.311871915346735
ep25761,37.02758712254613
ep25762,29.00875319619327
ep25763,-13.994164535871148
ep25764,-13.994164535871148
ep25765,-13.994164535871148
ep25766,30.311871915346735
ep25767,-13.994164535871148
ep25768,-13.994164535871148
ep25769,-13.994164535871148
ep25770,32.957730757419384
ep25771,35.65731125132067
ep25772,-13.994164535871148
ep25773,-13.994164535871148
ep25774,38.41170416418801
ep25775,-13.994164535871148
ep25776,-13.994164535871148
ep25777,-13.994164535871148
ep25778,30.311871915346735
ep25779,32.957730757419384
ep25780,32.957730757419384
ep25781,-13.994164535871148
ep25782,32.957730757419384
ep25783,-13.994164535871148
ep25784,-13.994164535871148
ep25785,41.22202241015
ep25786,31.628153449845186
ep25787,-13.994164535871148
ep25788,30.311871915346735
ep25789,30.311871915346735
ep25790,30.311871915346735
ep25791,-13.994164535871148
ep25792,-13.994164535871148
ep25793,35.65731125132067
ep25794,-13.994164535871148
ep25795,-13.994164535871148
ep25796,-13.994164535871148
ep25797,-13.994164535871148
ep25798,37.02758712254613
ep25799,31.628153449845186
ep25800,32.957730757419384
ep25801,37.02758712254613
ep25802,-13.994164535871148
ep25803,-13.994164535871148
ep25804,-13.994164535871148
ep25805,-13.994164535871148
ep25806,-13.994164535871148
ep25807,32.957730757419384
ep25808,-13.994164535871148
ep25809,29.00875319619327
ep25810,-13.994164535871148
ep25811,35.65731125132067
ep25812,32.957730757419384
ep25813,-13.994164535871148
ep25814,-13.994164535871148
ep25815,30.311871915346735
ep25816,-13.994164535871148
ep25817,39.80980218604849
ep25818,30.311871915346735
ep25819,30.311871915346735
ep25820,30.311871915346735
ep25821,29.00875319619327
ep25822,-13.994164535871148
ep25823,30.311871915346735
ep25824,41.22202241015
ep25825,-13.994164535871148
ep25826,30.311871915346735
ep25827,-13.994164535871148
ep25828,-13.994164535871148
ep25829,-13.994164535871148
ep25830,34.30073813880746
ep25831,39.80980218604849
ep25832,32.957730757419384
ep25833,-13.994164535871148
ep25834,-13.994164535871148
ep25835,-13.994164535871148
ep25836,29.00875319619327
ep25837,29.00875319619327
ep25838,39.80980218604849
ep25839,-13.994164535871148
ep25840,37.02758712254613
ep25841,-13.994164535871148
ep25842,30.311871915346735
ep25843,38.41170416418801
ep25844,-13.994164535871148
ep25845,-13.994164535871148
ep25846,-13.994164535871148
ep25847,-13.994164535871148
ep25848,-13.994164535871148
ep25849,30.311871915346735
ep25850,-13.994164535871148
ep25851,32.957730757419384
ep25852,-13.994164535871148
ep25853,37.02758712254613
ep25854,-13.994164535871148
ep25855,-13.994164535871148
ep25856,30.311871915346735
ep25857,34.30073813880746
ep25858,-13.994164535871148
ep25859,34.30073813880746
ep25860,38.41170416418801
ep25861,34.30073813880746
ep25862,-13.994164535871148
ep25863,-13.994164535871148
ep25864,39.80980218604849
ep25865,-13.994164535871148
ep25866,-13.994164535871148
ep25867,-13.994164535871148
ep25868,30.311871915346735
ep25869,-13.994164535871148
ep25870,-13.994164535871148
ep25871,-13.994164535871148
ep25872,-13.994164535871148
ep25873,-13.994164535871148
ep25874,39.80980218604849
ep25875,32.957730757419384
ep25876,-13.994164535871148
ep25877,34.30073813880746
ep25878,37.02758712254613
ep25879,-13.994164535871148
ep25880,-13.994164535871148
ep25881,-13.994164535871148
ep25882,-13.994164535871148
ep25883,-13.994164535871148
ep25884,-13.994164535871148
ep25885,-13.994164535871148
ep25886,30.311871915346735
ep25887,30.311871915346735
ep25888,-13.994164535871148
ep25889,35.65731125132067
ep25890,-13.994164535871148
ep25891,-13.994164535871148
ep25892,-13.994164535871148
ep25893,-13.994164535871148
ep25894,-13.994164535871148
ep25895,39.80980218604849
ep25896,-13.994164535871148
ep25897,34.30073813880746
ep25898,38.41170416418801
ep25899,38.41170416418801
ep25900,32.957730757419384
ep25901,-13.994164535871148
ep25902,30.311871915346735
ep25903,-13.994164535871148
ep25904,35.65731125132067
ep25905,31.628153449845186
ep25906,-13.994164535871148
ep25907,-13.994164535871148
ep25908,-13.994164535871148
ep25909,-13.994164535871148
ep25910,-13.994164535871148
ep25911,29.00875319619327
ep25912,-13.994164535871148
ep25913,-13.994164535871148
ep25914,-13.994164535871148
ep25915,31.628153449845186
ep25916,-13.994164535871148
ep25917,-13.994164535871148
ep25918,30.311871915346735
ep25919,-13.994164535871148
ep25920,-13.994164535871148
ep25921,37.02758712254613
ep25922,-13.994164535871148
ep25923,-13.994164535871148
ep25924,32.957730757419384
ep25925,39.80980218604849
ep25926,30.311871915346735
ep25927,31.628153449845186
ep25928,-13.994164535871148
ep25929,-13.994164535871148
ep25930,-13.994164535871148
ep25931,30.311871915346735
ep25932,39.80980218604849
ep25933,37.02758712254613
ep25934,29.00875319619327
ep25935,-13.994164535871148
ep25936,39.80980218604849
ep25937,30.311871915346735
ep25938,-13.994164535871148
ep25939,32.957730757419384
ep25940,30.311871915346735
ep25941,-13.994164535871148
ep25942,-13.994164535871148
ep25943,-13.994164535871148
ep25944,39.80980218604849
ep25945,-13.994164535871148
ep25946,35.65731125132067
ep25947,-13.994164535871148
ep25948,-13.994164535871148
ep25949,37.02758712254613
ep25950,37.02758712254613
ep25951,-13.994164535871148
ep25952,-13.994164535871148
ep25953,-13.994164535871148
ep25954,32.957730757419384
ep25955,-13.994164535871148
ep25956,30.311871915346735
ep25957,29.00875319619327
ep25958,31.628153449845186
ep25959,-13.994164535871148
ep25960,-13.994164535871148
ep25961,-13.994164535871148
ep25962,38.41170416418801
ep25963,30.311871915346735
ep25964,-13.994164535871148
ep25965,30.311871915346735
ep25966,39.80980218604849
ep25967,-13.994164535871148
ep25968,-13.994164535871148
ep25969,-13.994164535871148
ep25970,-13.994164535871148
ep25971,34.30073813880746
ep25972,-13.994164535871148
ep25973,30.311871915346735
ep25974,-13.994164535871148
ep25975,-13.994164535871148
ep25976,-13.994164535871148
ep25977,34.30073813880746
ep25978,30.311871915346735
ep25979,29.00875319619327
ep25980,-13.994164535871148
ep25981,-13.994164535871148
ep25982,-13.994164535871148
ep25983,32.957730757419384
ep25984,-13.994164535871148
ep25985,-13.994164535871148
ep25986,39.80980218604849
ep25987,-13.994164535871148
ep25988,30.311871915346735
ep25989,31.628153449845186
ep25990,30.311871915346735
ep25991,37.02758712254613
ep25992,-13.994164535871148
ep25993,-13.994164535871148
ep25994,-13.994164535871148
ep25995,32.957730757419384
ep25996,32.957730757419384
ep25997,30.311871915346735
ep25998,-13.994164535871148
ep25999,31.628153449845186
ep26000,35.65731125132067
ep26001,31.628153449845186
ep26002,30.311871915346735
ep26003,-13.994164535871148
ep26004,-13.994164535871148
ep26005,-13.994164535871148
ep26006,30.311871915346735
ep26007,-13.994164535871148
ep26008,29.00875319619327
ep26009,30.311871915346735
ep26010,-13.994164535871148
ep26011,30.311871915346735
ep26012,-13.994164535871148
ep26013,-13.994164535871148
ep26014,-13.994164535871148
ep26015,-13.994164535871148
ep26016,29.00875319619327
ep26017,-13.994164535871148
ep26018,-13.994164535871148
ep26019,30.311871915346735
ep26020,-13.994164535871148
ep26021,34.30073813880746
ep26022,-13.994164535871148
ep26023,-13.994164535871148
ep26024,-13.994164535871148
ep26025,-13.994164535871148
ep26026,32.957730757419384
ep26027,38.41170416418801
ep26028,-13.994164535871148
ep26029,-13.994164535871148
ep26030,29.00875319619327
ep26031,-13.994164535871148
ep26032,-13.994164535871148
ep26033,-13.994164535871148
ep26034,31.628153449845186
ep26035,-13.994164535871148
ep26036,30.311871915346735
ep26037,-13.994164535871148
ep26038,30.311871915346735
ep26039,-13.994164535871148
ep26040,-13.994164535871148
ep26041,30.311871915346735
ep26042,-13.994164535871148
ep26043,30.311871915346735
ep26044,-13.994164535871148
ep26045,32.957730757419384
ep26046,-13.994164535871148
ep26047,-13.994164535871148
ep26048,-13.994164535871148
ep26049,30.311871915346735
ep26050,30.311871915346735
ep26051,32.957730757419384
ep26052,30.311871915346735
ep26053,41.22202241015
ep26054,-13.994164535871148
ep26055,-13.994164535871148
ep26056,-13.994164535871148
ep26057,34.30073813880746
ep26058,-13.994164535871148
ep26059,-13.994164535871148
ep26060,30.311871915346735
ep26061,-13.994164535871148
ep26062,31.628153449845186
ep26063,30.311871915346735
ep26064,30.311871915346735
ep26065,-13.994164535871148
ep26066,-13.994164535871148
ep26067,-13.994164535871148
ep26068,29.00875319619327
ep26069,-13.994164535871148
ep26070,-13.994164535871148
ep26071,-13.994164535871148
ep26072,29.00875319619327
ep26073,-13.994164535871148
ep26074,-13.994164535871148
ep26075,-13.994164535871148
ep26076,41.22202241015
ep26077,30.311871915346735
ep26078,30.311871915346735
ep26079,38.41170416418801
ep26080,-13.994164535871148
ep26081,-13.994164535871148
ep26082,-13.994164535871148
ep26083,34.30073813880746
ep26084,-13.994164535871148
ep26085,41.22202241015
ep26086,30.311871915346735
ep26087,30.311871915346735
ep26088,-13.994164535871148
ep26089,-13.994164535871148
ep26090,-13.994164535871148
ep26091,-13.994164535871148
ep26092,-13.994164535871148
ep26093,32.957730757419384
ep26094,29.00875319619327
ep26095,-13.994164535871148
ep26096,37.02758712254613
ep26097,38.41170416418801
ep26098,-13.994164535871148
ep26099,32.957730757419384
ep26100,-13.994164535871148
ep26101,-13.994164535871148
ep26102,-13.994164535871148
ep26103,-13.994164535871148
ep26104,-13.994164535871148
ep26105,29.00875319619327
ep26106,-13.994164535871148
ep26107,-13.994164535871148
ep26108,-13.994164535871148
ep26109,-13.994164535871148
ep26110,-13.994164535871148
ep26111,32.957730757419384
ep26112,41.22202241015
ep26113,34.30073813880746
ep26114,37.02758712254613
ep26115,32.957730757419384
ep26116,37.02758712254613
ep26117,30.311871915346735
ep26118,31.628153449845186
ep26119,29.00875319619327
ep26120,29.00875319619327
ep26121,-13.994164535871148
ep26122,34.30073813880746
ep26123,-13.994164535871148
ep26124,37.02758712254613
ep26125,30.311871915346735
ep26126,-13.994164535871148
ep26127,41.22202241015
ep26128,32.957730757419384
ep26129,-13.994164535871148
ep26130,30.311871915346735
ep26131,-13.994164535871148
ep26132,35.65731125132067
ep26133,-13.994164535871148
ep26134,31.628153449845186
ep26135,-13.994164535871148
ep26136,41.22202241015
ep26137,-13.994164535871148
ep26138,30.311871915346735
ep26139,32.957730757419384
ep26140,-13.994164535871148
ep26141,37.02758712254613
ep26142,-13.994164535871148
ep26143,29.00875319619327
ep26144,-13.994164535871148
ep26145,-13.994164535871148
ep26146,34.30073813880746
ep26147,30.311871915346735
ep26148,-13.994164535871148
ep26149,32.957730757419384
ep26150,-13.994164535871148
ep26151,-13.994164535871148
ep26152,-13.994164535871148
ep26153,-13.994164535871148
ep26154,-13.994164535871148
ep26155,32.957730757419384
ep26156,-13.994164535871148
ep26157,30.311871915346735
ep26158,-13.994164535871148
ep26159,-13.994164535871148
ep26160,30.311871915346735
ep26161,38.41170416418801
ep26162,32.957730757419384
ep26163,-13.994164535871148
ep26164,-13.994164535871148
ep26165,-13.994164535871148
ep26166,-13.994164535871148
ep26167,-13.994164535871148
ep26168,-13.994164535871148
ep26169,38.41170416418801
ep26170,37.02758712254613
ep26171,30.311871915346735
ep26172,32.957730757419384
ep26173,-13.994164535871148
ep26174,30.311871915346735
ep26175,34.30073813880746
ep26176,-13.994164535871148
ep26177,34.30073813880746
ep26178,-13.994164535871148
ep26179,-13.994164535871148
ep26180,30.311871915346735
ep26181,30.311871915346735
ep26182,-13.994164535871148
ep26183,-13.994164535871148
ep26184,30.311871915346735
ep26185,-13.994164535871148
ep26186,-13.994164535871148
ep26187,31.628153449845186
ep26188,-13.994164535871148
ep26189,-13.994164535871148
ep26190,30.311871915346735
ep26191,37.02758712254613
ep26192,-13.994164535871148
ep26193,30.311871915346735
ep26194,37.02758712254613
ep26195,29.00875319619327
ep26196,-13.994164535871148
ep26197,-13.994164535871148
ep26198,-13.994164535871148
ep26199,30.311871915346735
ep26200,-13.994164535871148
ep26201,-13.994164535871148
ep26202,37.02758712254613
ep26203,-13.994164535871148
ep26204,-13.994164535871148
ep26205,32.957730757419384
ep26206,30.311871915346735
ep26207,-13.994164535871148
ep26208,-13.994164535871148
ep26209,30.311871915346735
ep26210,-13.994164535871148
ep26211,32.957730757419384
ep26212,-13.994164535871148
ep26213,35.65731125132067
ep26214,30.311871915346735
ep26215,34.30073813880746
ep26216,-13.994164535871148
ep26217,35.65731125132067
ep26218,29.00875319619327
ep26219,-13.994164535871148
ep26220,-13.994164535871148
ep26221,-13.994164535871148
ep26222,34.30073813880746
ep26223,30.311871915346735
ep26224,39.80980218604849
ep26225,-13.994164535871148
ep26226,-13.994164535871148
ep26227,-13.994164535871148
ep26228,-13.994164535871148
ep26229,30.311871915346735
ep26230,30.311871915346735
ep26231,-13.994164535871148
ep26232,31.628153449845186
ep26233,37.02758712254613
ep26234,39.80980218604849
ep26235,-13.994164535871148
ep26236,-13.994164535871148
ep26237,-13.994164535871148
ep26238,37.02758712254613
ep26239,-13.994164535871148
ep26240,30.311871915346735
ep26241,30.311871915346735
ep26242,-13.994164535871148
ep26243,34.30073813880746
ep26244,-13.994164535871148
ep26245,31.628153449845186
ep26246,-13.994164535871148
ep26247,30.311871915346735
ep26248,-13.994164535871148
ep26249,-13.994164535871148
ep26250,30.311871915346735
ep26251,29.00875319619327
ep26252,32.957730757419384
ep26253,-13.994164535871148
ep26254,-13.994164535871148
ep26255,34.30073813880746
ep26256,-13.994164535871148
ep26257,30.311871915346735
ep26258,31.628153449845186
ep26259,-13.994164535871148
ep26260,34.30073813880746
ep26261,32.957730757419384
ep26262,35.65731125132067
ep26263,-13.994164535871148
ep26264,29.00875319619327
ep26265,-13.994164535871148
ep26266,30.311871915346735
ep26267,-13.994164535871148
ep26268,31.628153449845186
ep26269,30.311871915346735
ep26270,34.30073813880746
ep26271,-13.994164535871148
ep26272,30.311871915346735
ep26273,-13.994164535871148
ep26274,39.80980218604849
ep26275,37.02758712254613
ep26276,-13.994164535871148
ep26277,30.311871915346735
ep26278,30.311871915346735
ep26279,34.30073813880746
ep26280,32.957730757419384
ep26281,-13.994164535871148
ep26282,31.628153449845186
ep26283,-13.994164535871148
ep26284,-13.994164535871148
ep26285,-13.994164535871148
ep26286,31.628153449845186
ep26287,-13.994164535871148
ep26288,-13.994164535871148
ep26289,31.628153449845186
ep26290,-13.994164535871148
ep26291,29.00875319619327
ep26292,-13.994164535871148
ep26293,-13.994164535871148
ep26294,-13.994164535871148
ep26295,-13.994164535871148
ep26296,30.311871915346735
ep26297,-13.994164535871148
ep26298,-13.994164535871148
ep26299,-13.994164535871148
ep26300,-13.994164535871148
ep26301,-13.994164535871148
ep26302,31.628153449845186
ep26303,-13.994164535871148
ep26304,30.311871915346735
ep26305,30.311871915346735
ep26306,32.957730757419384
ep26307,-13.994164535871148
ep26308,-13.994164535871148
ep26309,-13.994164535871148
ep26310,-13.994164535871148
ep26311,29.00875319619327
ep26312,-13.994164535871148
ep26313,32.957730757419384
ep26314,-13.994164535871148
ep26315,-13.994164535871148
ep26316,-13.994164535871148
ep26317,29.00875319619327
ep26318,30.311871915346735
ep26319,-13.994164535871148
ep26320,-13.994164535871148
ep26321,30.311871915346735
ep26322,38.41170416418801
ep26323,-13.994164535871148
ep26324,30.311871915346735
ep26325,39.80980218604849
ep26326,34.30073813880746
ep26327,-13.994164535871148
ep26328,-13.994164535871148
ep26329,-13.994164535871148
ep26330,32.957730757419384
ep26331,-13.994164535871148
ep26332,-13.994164535871148
ep26333,-13.994164535871148
ep26334,-13.994164535871148
ep26335,35.65731125132067
ep26336,-13.994164535871148
ep26337,34.30073813880746
ep26338,29.00875319619327
ep26339,34.30073813880746
ep26340,30.311871915346735
ep26341,34.30073813880746
ep26342,-13.994164535871148
ep26343,37.02758712254613
ep26344,-13.994164535871148
ep26345,-13.994164535871148
ep26346,-13.994164535871148
ep26347,-13.994164535871148
ep26348,34.30073813880746
ep26349,30.311871915346735
ep26350,-13.994164535871148
ep26351,-13.994164535871148
ep26352,37.02758712254613
ep26353,-13.994164535871148
ep26354,34.30073813880746
ep26355,-13.994164535871148
ep26356,-13.994164535871148
ep26357,-13.994164535871148
ep26358,32.957730757419384
ep26359,30.311871915346735
ep26360,32.957730757419384
ep26361,-13.994164535871148
ep26362,35.65731125132067
ep26363,-13.994164535871148
ep26364,-13.994164535871148
ep26365,-13.994164535871148
ep26366,-13.994164535871148
ep26367,-13.994164535871148
ep26368,-13.994164535871148
ep26369,-13.994164535871148
ep26370,-13.994164535871148
ep26371,29.00875319619327
ep26372,39.80980218604849
ep26373,39.80980218604849
ep26374,-13.994164535871148
ep26375,30.311871915346735
ep26376,-13.994164535871148
ep26377,30.311871915346735
ep26378,38.41170416418801
ep26379,41.22202241015
ep26380,-13.994164535871148
ep26381,-13.994164535871148
ep26382,34.30073813880746
ep26383,-13.994164535871148
ep26384,-13.994164535871148
ep26385,32.957730757419384
ep26386,29.00875319619327
ep26387,30.311871915346735
ep26388,-13.994164535871148
ep26389,-13.994164535871148
ep26390,32.957730757419384
ep26391,32.957730757419384
ep26392,-13.994164535871148
ep26393,32.957730757419384
ep26394,32.957730757419384
ep26395,-13.994164535871148
ep26396,-13.994164535871148
ep26397,-13.994164535871148
ep26398,32.957730757419384
ep26399,-13.994164535871148
ep26400,-13.994164535871148
ep26401,-13.994164535871148
ep26402,-13.994164535871148
ep26403,30.311871915346735
ep26404,-13.994164535871148
ep26405,-13.994164535871148
ep26406,35.65731125132067
ep26407,39.80980218604849
ep26408,-13.994164535871148
ep26409,-13.994164535871148
ep26410,34.30073813880746
ep26411,-13.994164535871148
ep26412,-13.994164535871148
ep26413,-13.994164535871148
ep26414,39.80980218604849
ep26415,30.311871915346735
ep26416,41.22202241015
ep26417,30.311871915346735
ep26418,39.80980218604849
ep26419,-13.994164535871148
ep26420,39.80980218604849
ep26421,30.311871915346735
ep26422,37.02758712254613
ep26423,31.628153449845186
ep26424,32.957730757419384
ep26425,-13.994164535871148
ep26426,-13.994164535871148
ep26427,-13.994164535871148
ep26428,31.628153449845186
ep26429,-13.994164535871148
ep26430,-13.994164535871148
ep26431,35.65731125132067
ep26432,32.957730757419384
ep26433,-13.994164535871148
ep26434,38.41170416418801
ep26435,-13.994164535871148
ep26436,-13.994164535871148
ep26437,30.311871915346735
ep26438,-13.994164535871148
ep26439,30.311871915346735
ep26440,-13.994164535871148
ep26441,-13.994164535871148
ep26442,-13.994164535871148
ep26443,-13.994164535871148
ep26444,-13.994164535871148
ep26445,-13.994164535871148
ep26446,-13.994164535871148
ep26447,-13.994164535871148
ep26448,-13.994164535871148
ep26449,34.30073813880746
ep26450,-13.994164535871148
ep26451,30.311871915346735
ep26452,32.957730757419384
ep26453,30.311871915346735
ep26454,30.311871915346735
ep26455,-13.994164535871148
ep26456,34.30073813880746
ep26457,-13.994164535871148
ep26458,-13.994164535871148
ep26459,30.311871915346735
ep26460,32.957730757419384
ep26461,-13.994164535871148
ep26462,29.00875319619327
ep26463,-13.994164535871148
ep26464,-13.994164535871148
ep26465,34.30073813880746
ep26466,30.311871915346735
ep26467,-13.994164535871148
ep26468,30.311871915346735
ep26469,29.00875319619327
ep26470,30.311871915346735
ep26471,30.311871915346735
ep26472,-13.994164535871148
ep26473,-13.994164535871148
ep26474,-13.994164535871148
ep26475,-13.994164535871148
ep26476,30.311871915346735
ep26477,37.02758712254613
ep26478,-13.994164535871148
ep26479,-13.994164535871148
ep26480,38.41170416418801
ep26481,34.30073813880746
ep26482,-13.994164535871148
ep26483,32.957730757419384
ep26484,32.957730757419384
ep26485,39.80980218604849
ep26486,-13.994164535871148
ep26487,-13.994164535871148
ep26488,-13.994164535871148
ep26489,-13.994164535871148
ep26490,-13.994164535871148
ep26491,30.311871915346735
ep26492,-13.994164535871148
ep26493,34.30073813880746
ep26494,-13.994164535871148
ep26495,-13.994164535871148
ep26496,30.311871915346735
ep26497,-13.994164535871148
ep26498,-13.994164535871148
ep26499,30.311871915346735
ep26500,-13.994164535871148
ep26501,34.30073813880746
ep26502,30.311871915346735
ep26503,-13.994164535871148
ep26504,30.311871915346735
ep26505,-13.994164535871148
ep26506,31.628153449845186
ep26507,-13.994164535871148
ep26508,38.41170416418801
ep26509,-13.994164535871148
ep26510,30.311871915346735
ep26511,-13.994164535871148
ep26512,30.311871915346735
ep26513,-13.994164535871148
ep26514,30.311871915346735
ep26515,-13.994164535871148
ep26516,30.311871915346735
ep26517,32.957730757419384
ep26518,30.311871915346735
ep26519,-13.994164535871148
ep26520,-13.994164535871148
ep26521,30.311871915346735
ep26522,34.30073813880746
ep26523,-13.994164535871148
ep26524,-13.994164535871148
ep26525,-13.994164535871148
ep26526,-13.994164535871148
ep26527,38.41170416418801
ep26528,-13.994164535871148
ep26529,-13.994164535871148
ep26530,34.30073813880746
ep26531,-13.994164535871148
ep26532,-13.994164535871148
ep26533,-13.994164535871148
ep26534,-13.994164535871148
ep26535,30.311871915346735
ep26536,-13.994164535871148
ep26537,-13.994164535871148
ep26538,34.30073813880746
ep26539,-13.994164535871148
ep26540,-13.994164535871148
ep26541,30.311871915346735
ep26542,-13.994164535871148
ep26543,-13.994164535871148
ep26544,30.311871915346735
ep26545,30.311871915346735
ep26546,-13.994164535871148
ep26547,-13.994164535871148
ep26548,32.957730757419384
ep26549,32.957730757419384
ep26550,34.30073813880746
ep26551,32.957730757419384
ep26552,-13.994164535871148
ep26553,30.311871915346735
ep26554,-13.994164535871148
ep26555,-13.994164535871148
ep26556,-13.994164535871148
ep26557,31.628153449845186
ep26558,-13.994164535871148
ep26559,-13.994164535871148
ep26560,-13.994164535871148
ep26561,-13.994164535871148
ep26562,-13.994164535871148
ep26563,-13.994164535871148
ep26564,34.30073813880746
ep26565,34.30073813880746
ep26566,30.311871915346735
ep26567,30.311871915346735
ep26568,34.30073813880746
ep26569,-13.994164535871148
ep26570,32.957730757419384
ep26571,37.02758712254613
ep26572,-13.994164535871148
ep26573,-13.994164535871148
ep26574,-13.994164535871148
ep26575,32.957730757419384
ep26576,-13.994164535871148
ep26577,32.957730757419384
ep26578,30.311871915346735
ep26579,-13.994164535871148
ep26580,-13.994164535871148
ep26581,37.02758712254613
ep26582,38.41170416418801
ep26583,-13.994164535871148
ep26584,30.311871915346735
ep26585,-13.994164535871148
ep26586,30.311871915346735
ep26587,-13.994164535871148
ep26588,32.957730757419384
ep26589,-13.994164535871148
ep26590,-13.994164535871148
ep26591,-13.994164535871148
ep26592,-13.994164535871148
ep26593,38.41170416418801
ep26594,39.80980218604849
ep26595,37.02758712254613
ep26596,-13.994164535871148
ep26597,30.311871915346735
ep26598,-13.994164535871148
ep26599,-13.994164535871148
ep26600,-13.994164535871148
ep26601,-13.994164535871148
ep26602,-13.994164535871148
ep26603,32.957730757419384
ep26604,-13.994164535871148
ep26605,-13.994164535871148
ep26606,-13.994164535871148
ep26607,37.02758712254613
ep26608,-13.994164535871148
ep26609,-13.994164535871148
ep26610,30.311871915346735
ep26611,39.80980218604849
ep26612,38.41170416418801
ep26613,-13.994164535871148
ep26614,32.957730757419384
ep26615,34.30073813880746
ep26616,-13.994164535871148
ep26617,-13.994164535871148
ep26618,-13.994164535871148
ep26619,-13.994164535871148
ep26620,32.957730757419384
ep26621,-13.994164535871148
ep26622,37.02758712254613
ep26623,32.957730757419384
ep26624,37.02758712254613
ep26625,-13.994164535871148
ep26626,-13.994164535871148
ep26627,-13.994164535871148
ep26628,39.80980218604849
ep26629,41.22202241015
ep26630,34.30073813880746
ep26631,30.311871915346735
ep26632,-13.994164535871148
ep26633,34.30073813880746
ep26634,-13.994164535871148
ep26635,32.957730757419384
ep26636,-13.994164535871148
ep26637,-13.994164535871148
ep26638,-13.994164535871148
ep26639,37.02758712254613
ep26640,-13.994164535871148
ep26641,-13.994164535871148
ep26642,-13.994164535871148
ep26643,-13.994164535871148
ep26644,-13.994164535871148
ep26645,-13.994164535871148
ep26646,-13.994164535871148
ep26647,-13.994164535871148
ep26648,30.311871915346735
ep26649,-13.994164535871148
ep26650,-13.994164535871148
ep26651,-13.994164535871148
ep26652,-13.994164535871148
ep26653,-13.994164535871148
ep26654,-13.994164535871148
ep26655,38.41170416418801
ep26656,-13.994164535871148
ep26657,-13.994164535871148
ep26658,37.02758712254613
ep26659,-13.994164535871148
ep26660,-13.994164535871148
ep26661,-13.994164535871148
ep26662,-13.994164535871148
ep26663,32.957730757419384
ep26664,-13.994164535871148
ep26665,31.628153449845186
ep26666,-13.994164535871148
ep26667,-13.994164535871148
ep26668,-13.994164535871148
ep26669,-13.994164535871148
ep26670,-13.994164535871148
ep26671,-13.994164535871148
ep26672,29.00875319619327
ep26673,-13.994164535871148
ep26674,-13.994164535871148
ep26675,35.65731125132067
ep26676,-13.994164535871148
ep26677,34.30073813880746
ep26678,34.30073813880746
ep26679,-13.994164535871148
ep26680,34.30073813880746
ep26681,-13.994164535871148
ep26682,35.65731125132067
ep26683,-13.994164535871148
ep26684,-13.994164535871148
ep26685,-13.994164535871148
ep26686,31.628153449845186
ep26687,39.80980218604849
ep26688,-13.994164535871148
ep26689,-13.994164535871148
ep26690,35.65731125132067
ep26691,-13.994164535871148
ep26692,34.30073813880746
ep26693,-13.994164535871148
ep26694,-13.994164535871148
ep26695,31.628153449845186
ep26696,-13.994164535871148
ep26697,35.65731125132067
ep26698,-13.994164535871148
ep26699,34.30073813880746
ep26700,-13.994164535871148
ep26701,-13.994164535871148
ep26702,37.02758712254613
ep26703,41.22202241015
ep26704,35.65731125132067
ep26705,-13.994164535871148
ep26706,-13.994164535871148
ep26707,32.957730757419384
ep26708,-13.994164535871148
ep26709,31.628153449845186
ep26710,-13.994164535871148
ep26711,-13.994164535871148
ep26712,-13.994164535871148
ep26713,-13.994164535871148
ep26714,-13.994164535871148
ep26715,-13.994164535871148
ep26716,37.02758712254613
ep26717,38.41170416418801
ep26718,-13.994164535871148
ep26719,-13.994164535871148
ep26720,-13.994164535871148
ep26721,-13.994164535871148
ep26722,37.02758712254613
ep26723,35.65731125132067
ep26724,37.02758712254613
ep26725,-13.994164535871148
ep26726,-13.994164535871148
ep26727,37.02758712254613
ep26728,-13.994164535871148
ep26729,37.02758712254613
ep26730,-13.994164535871148
ep26731,30.311871915346735
ep26732,-13.994164535871148
ep26733,-13.994164535871148
ep26734,-13.994164535871148
ep26735,-13.994164535871148
ep26736,35.65731125132067
ep26737,35.65731125132067
ep26738,32.957730757419384
ep26739,31.628153449845186
ep26740,30.311871915346735
ep26741,35.65731125132067
ep26742,-13.994164535871148
ep26743,-13.994164535871148
ep26744,32.957730757419384
ep26745,-13.994164535871148
ep26746,34.30073813880746
ep26747,-13.994164535871148
ep26748,-13.994164535871148
ep26749,-13.994164535871148
ep26750,30.311871915346735
ep26751,-13.994164535871148
ep26752,-13.994164535871148
ep26753,-13.994164535871148
ep26754,-13.994164535871148
ep26755,-13.994164535871148
ep26756,-13.994164535871148
ep26757,-13.994164535871148
ep26758,37.02758712254613
ep26759,34.30073813880746
ep26760,-13.994164535871148
ep26761,30.311871915346735
ep26762,30.311871915346735
ep26763,-13.994164535871148
ep26764,-13.994164535871148
ep26765,30.311871915346735
ep26766,31.628153449845186
ep26767,-13.994164535871148
ep26768,-13.994164535871148
ep26769,34.30073813880746
ep26770,39.80980218604849
ep26771,-13.994164535871148
ep26772,-13.994164535871148
ep26773,-13.994164535871148
ep26774,35.65731125132067
ep26775,-13.994164535871148
ep26776,-13.994164535871148
ep26777,-13.994164535871148
ep26778,-13.994164535871148
ep26779,29.00875319619327
ep26780,-13.994164535871148
ep26781,-13.994164535871148
ep26782,34.30073813880746
ep26783,31.628153449845186
ep26784,-13.994164535871148
ep26785,-13.994164535871148
ep26786,-13.994164535871148
ep26787,-13.994164535871148
ep26788,-13.994164535871148
ep26789,-13.994164535871148
ep26790,-13.994164535871148
ep26791,38.41170416418801
ep26792,34.30073813880746
ep26793,-13.994164535871148
ep26794,-13.994164535871148
ep26795,30.311871915346735
ep26796,32.957730757419384
ep26797,37.02758712254613
ep26798,-13.994164535871148
ep26799,39.80980218604849
ep26800,-13.994164535871148
ep26801,-13.994164535871148
ep26802,37.02758712254613
ep26803,39.80980218604849
ep26804,34.30073813880746
ep26805,37.02758712254613
ep26806,-13.994164535871148
ep26807,-13.994164535871148
ep26808,30.311871915346735
ep26809,-13.994164535871148
ep26810,32.957730757419384
ep26811,-13.994164535871148
ep26812,-13.994164535871148
ep26813,-13.994164535871148
ep26814,-13.994164535871148
ep26815,-13.994164535871148
ep26816,-13.994164535871148
ep26817,-13.994164535871148
ep26818,30.311871915346735
ep26819,37.02758712254613
ep26820,38.41170416418801
ep26821,-13.994164535871148
ep26822,-13.994164535871148
ep26823,-13.994164535871148
ep26824,-13.994164535871148
ep26825,37.02758712254613
ep26826,-13.994164535871148
ep26827,-13.994164535871148
ep26828,-13.994164535871148
ep26829,-13.994164535871148
ep26830,-13.994164535871148
ep26831,29.00875319619327
ep26832,30.311871915346735
ep26833,-13.994164535871148
ep26834,29.00875319619327
ep26835,-13.994164535871148
ep26836,32.957730757419384
ep26837,-13.994164535871148
ep26838,-13.994164535871148
ep26839,-13.994164535871148
ep26840,-13.994164535871148
ep26841,-13.994164535871148
ep26842,31.628153449845186
ep26843,39.80980218604849
ep26844,32.957730757419384
ep26845,29.00875319619327
ep26846,37.02758712254613
ep26847,-13.994164535871148
ep26848,30.311871915346735
ep26849,31.628153449845186
ep26850,-13.994164535871148
ep26851,37.02758712254613
ep26852,-13.994164535871148
ep26853,34.30073813880746
ep26854,-13.994164535871148
ep26855,-13.994164535871148
ep26856,38.41170416418801
ep26857,-13.994164535871148
ep26858,35.65731125132067
ep26859,-13.994164535871148
ep26860,-13.994164535871148
ep26861,-13.994164535871148
ep26862,-13.994164535871148
ep26863,-13.994164535871148
ep26864,-13.994164535871148
ep26865,30.311871915346735
ep26866,-13.994164535871148
ep26867,-13.994164535871148
ep26868,-13.994164535871148
ep26869,30.311871915346735
ep26870,32.957730757419384
ep26871,-13.994164535871148
ep26872,32.957730757419384
ep26873,-13.994164535871148
ep26874,32.957730757419384
ep26875,-13.994164535871148
ep26876,-13.994164535871148
ep26877,-13.994164535871148
ep26878,-13.994164535871148
ep26879,-13.994164535871148
ep26880,30.311871915346735
ep26881,-13.994164535871148
ep26882,-13.994164535871148
ep26883,-13.994164535871148
ep26884,34.30073813880746
ep26885,-13.994164535871148
ep26886,32.957730757419384
ep26887,-13.994164535871148
ep26888,30.311871915346735
ep26889,30.311871915346735
ep26890,29.00875319619327
ep26891,-13.994164535871148
ep26892,29.00875319619327
ep26893,-13.994164535871148
ep26894,-13.994164535871148
ep26895,37.02758712254613
ep26896,39.80980218604849
ep26897,-13.994164535871148
ep26898,-13.994164535871148
ep26899,-13.994164535871148
ep26900,-13.994164535871148
ep26901,-13.994164535871148
ep26902,32.957730757419384
ep26903,-13.994164535871148
ep26904,-13.994164535871148
ep26905,-13.994164535871148
ep26906,39.80980218604849
ep26907,-13.994164535871148
ep26908,-13.994164535871148
ep26909,-13.994164535871148
ep26910,-13.994164535871148
ep26911,30.311871915346735
ep26912,37.02758712254613
ep26913,37.02758712254613
ep26914,-13.994164535871148
ep26915,-13.994164535871148
ep26916,34.30073813880746
ep26917,-13.994164535871148
ep26918,-13.994164535871148
ep26919,39.80980218604849
ep26920,-13.994164535871148
ep26921,-13.994164535871148
ep26922,-13.994164535871148
ep26923,-13.994164535871148
ep26924,30.311871915346735
ep26925,31.628153449845186
ep26926,-13.994164535871148
ep26927,31.628153449845186
ep26928,-13.994164535871148
ep26929,-13.994164535871148
ep26930,31.628153449845186
ep26931,29.00875319619327
ep26932,32.957730757419384
ep26933,-13.994164535871148
ep26934,-13.994164535871148
ep26935,-13.994164535871148
ep26936,-13.994164535871148
ep26937,39.80980218604849
ep26938,30.311871915346735
ep26939,-13.994164535871148
ep26940,-13.994164535871148
ep26941,-13.994164535871148
ep26942,-13.994164535871148
ep26943,-13.994164535871148
ep26944,37.02758712254613
ep26945,-13.994164535871148
ep26946,-13.994164535871148
ep26947,35.65731125132067
ep26948,-13.994164535871148
ep26949,30.311871915346735
ep26950,-13.994164535871148
ep26951,29.00875319619327
ep26952,-13.994164535871148
ep26953,-13.994164535871148
ep26954,-13.994164535871148
ep26955,-13.994164535871148
ep26956,30.311871915346735
ep26957,-13.994164535871148
ep26958,-13.994164535871148
ep26959,30.311871915346735
ep26960,-13.994164535871148
ep26961,-13.994164535871148
ep26962,30.311871915346735
ep26963,-13.994164535871148
ep26964,-13.994164535871148
ep26965,30.311871915346735
ep26966,-13.994164535871148
ep26967,-13.994164535871148
ep26968,-13.994164535871148
ep26969,-13.994164535871148
ep26970,37.02758712254613
ep26971,-13.994164535871148
ep26972,31.628153449845186
ep26973,32.957730757419384
ep26974,-13.994164535871148
ep26975,-13.994164535871148
ep26976,39.80980218604849
ep26977,30.311871915346735
ep26978,34.30073813880746
ep26979,30.311871915346735
ep26980,38.41170416418801
ep26981,-13.994164535871148
ep26982,37.02758712254613
ep26983,-13.994164535871148
ep26984,-13.994164535871148
ep26985,-13.994164535871148
ep26986,30.311871915346735
ep26987,29.00875319619327
ep26988,-13.994164535871148
ep26989,30.311871915346735
ep26990,-13.994164535871148
ep26991,-13.994164535871148
ep26992,-13.994164535871148
ep26993,-13.994164535871148
ep26994,-13.994164535871148
ep26995,32.957730757419384
ep26996,-13.994164535871148
ep26997,37.02758712254613
ep26998,31.628153449845186
ep26999,-13.994164535871148
ep27000,-13.994164535871148
ep27001,-13.994164535871148
ep27002,34.30073813880746
ep27003,-13.994164535871148
ep27004,-13.994164535871148
ep27005,32.957730757419384
ep27006,30.311871915346735
ep27007,-13.994164535871148
ep27008,32.957730757419384
ep27009,30.311871915346735
ep27010,-13.994164535871148
ep27011,31.628153449845186
ep27012,-13.994164535871148
ep27013,-13.994164535871148
ep27014,30.311871915346735
ep27015,-13.994164535871148
ep27016,-13.994164535871148
ep27017,32.957730757419384
ep27018,35.65731125132067
ep27019,-13.994164535871148
ep27020,-13.994164535871148
ep27021,37.02758712254613
ep27022,37.02758712254613
ep27023,29.00875319619327
ep27024,30.311871915346735
ep27025,-13.994164535871148
ep27026,-13.994164535871148
ep27027,29.00875319619327
ep27028,37.02758712254613
ep27029,-13.994164535871148
ep27030,-13.994164535871148
ep27031,31.628153449845186
ep27032,-13.994164535871148
ep27033,-13.994164535871148
ep27034,30.311871915346735
ep27035,37.02758712254613
ep27036,-13.994164535871148
ep27037,37.02758712254613
ep27038,34.30073813880746
ep27039,-13.994164535871148
ep27040,-13.994164535871148
ep27041,30.311871915346735
ep27042,-13.994164535871148
ep27043,-13.994164535871148
ep27044,37.02758712254613
ep27045,-13.994164535871148
ep27046,-13.994164535871148
ep27047,-13.994164535871148
ep27048,-13.994164535871148
ep27049,30.311871915346735
ep27050,-13.994164535871148
ep27051,30.311871915346735
ep27052,-13.994164535871148
ep27053,-13.994164535871148
ep27054,37.02758712254613
ep27055,39.80980218604849
ep27056,30.311871915346735
ep27057,29.00875319619327
ep27058,-13.994164535871148
ep27059,32.957730757419384
ep27060,34.30073813880746
ep27061,29.00875319619327
ep27062,-13.994164535871148
ep27063,-13.994164535871148
ep27064,38.41170416418801
ep27065,-13.994164535871148
ep27066,-13.994164535871148
ep27067,29.00875319619327
ep27068,34.30073813880746
ep27069,37.02758712254613
ep27070,-13.994164535871148
ep27071,-13.994164535871148
ep27072,-13.994164535871148
ep27073,-13.994164535871148
ep27074,34.30073813880746
ep27075,-13.994164535871148
ep27076,38.41170416418801
ep27077,31.628153449845186
ep27078,-13.994164535871148
ep27079,34.30073813880746
ep27080,29.00875319619327
ep27081,-13.994164535871148
ep27082,32.957730757419384
ep27083,35.65731125132067
ep27084,-13.994164535871148
ep27085,30.311871915346735
ep27086,30.311871915346735
ep27087,34.30073813880746
ep27088,37.02758712254613
ep27089,-13.994164535871148
ep27090,31.628153449845186
ep27091,-13.994164535871148
ep27092,30.311871915346735
ep27093,-13.994164535871148
ep27094,-13.994164535871148
ep27095,-13.994164535871148
ep27096,32.957730757419384
ep27097,37.02758712254613
ep27098,39.80980218604849
ep27099,-13.994164535871148
ep27100,32.957730757419384
ep27101,30.311871915346735
ep27102,37.02758712254613
ep27103,30.311871915346735
ep27104,-13.994164535871148
ep27105,-13.994164535871148
ep27106,37.02758712254613
ep27107,-13.994164535871148
ep27108,30.311871915346735
ep27109,-13.994164535871148
ep27110,-13.994164535871148
ep27111,-13.994164535871148
ep27112,29.00875319619327
ep27113,-13.994164535871148
ep27114,-13.994164535871148
ep27115,-13.994164535871148
ep27116,35.65731125132067
ep27117,-13.994164535871148
ep27118,34.30073813880746
ep27119,30.311871915346735
ep27120,-13.994164535871148
ep27121,-13.994164535871148
ep27122,-13.994164535871148
ep27123,-13.994164535871148
ep27124,-13.994164535871148
ep27125,37.02758712254613
ep27126,-13.994164535871148
ep27127,-13.994164535871148
ep27128,30.311871915346735
ep27129,-13.994164535871148
ep27130,32.957730757419384
ep27131,-13.994164535871148
ep27132,31.628153449845186
ep27133,-13.994164535871148
ep27134,-13.994164535871148
ep27135,29.00875319619327
ep27136,-13.994164535871148
ep27137,-13.994164535871148
ep27138,30.311871915346735
ep27139,-13.994164535871148
ep27140,-13.994164535871148
ep27141,-13.994164535871148
ep27142,-13.994164535871148
ep27143,30.311871915346735
ep27144,37.02758712254613
ep27145,-13.994164535871148
ep27146,-13.994164535871148
ep27147,-13.994164535871148
ep27148,32.957730757419384
ep27149,35.65731125132067
ep27150,-13.994164535871148
ep27151,34.30073813880746
ep27152,-13.994164535871148
ep27153,32.957730757419384
ep27154,-13.994164535871148
ep27155,-13.994164535871148
ep27156,38.41170416418801
ep27157,-13.994164535871148
ep27158,-13.994164535871148
ep27159,-13.994164535871148
ep27160,-13.994164535871148
ep27161,32.957730757419384
ep27162,31.628153449845186
ep27163,-13.994164535871148
ep27164,-13.994164535871148
ep27165,34.30073813880746
ep27166,32.957730757419384
ep27167,-13.994164535871148
ep27168,30.311871915346735
ep27169,37.02758712254613
ep27170,-13.994164535871148
ep27171,-13.994164535871148
ep27172,-13.994164535871148
ep27173,39.80980218604849
ep27174,-13.994164535871148
ep27175,30.311871915346735
ep27176,30.311871915346735
ep27177,-13.994164535871148
ep27178,-13.994164535871148
ep27179,-13.994164535871148
ep27180,-13.994164535871148
ep27181,-13.994164535871148
ep27182,-13.994164535871148
ep27183,31.628153449845186
ep27184,30.311871915346735
ep27185,-13.994164535871148
ep27186,35.65731125132067
ep27187,-13.994164535871148
ep27188,-13.994164535871148
ep27189,-13.994164535871148
ep27190,32.957730757419384
ep27191,-13.994164535871148
ep27192,-13.994164535871148
ep27193,31.628153449845186
ep27194,37.02758712254613
ep27195,37.02758712254613
ep27196,-13.994164535871148
ep27197,-13.994164535871148
ep27198,30.311871915346735
ep27199,32.957730757419384
ep27200,-13.994164535871148
ep27201,-13.994164535871148
ep27202,-13.994164535871148
ep27203,-13.994164535871148
ep27204,-13.994164535871148
ep27205,-13.994164535871148
ep27206,-13.994164535871148
ep27207,-13.994164535871148
ep27208,-13.994164535871148
ep27209,-13.994164535871148
ep27210,-13.994164535871148
ep27211,-13.994164535871148
ep27212,32.957730757419384
ep27213,-13.994164535871148
ep27214,-13.994164535871148
ep27215,-13.994164535871148
ep27216,32.957730757419384
ep27217,-13.994164535871148
ep27218,-13.994164535871148
ep27219,-13.994164535871148
ep27220,32.957730757419384
ep27221,-13.994164535871148
ep27222,29.00875319619327
ep27223,34.30073813880746
ep27224,-13.994164535871148
ep27225,31.628153449845186
ep27226,-13.994164535871148
ep27227,-13.994164535871148
ep27228,-13.994164535871148
ep27229,-13.994164535871148
ep27230,-13.994164535871148
ep27231,39.80980218604849
ep27232,-13.994164535871148
ep27233,-13.994164535871148
ep27234,30.311871915346735
ep27235,30.311871915346735
ep27236,-13.994164535871148
ep27237,-13.994164535871148
ep27238,-13.994164535871148
ep27239,-13.994164535871148
ep27240,-13.994164535871148
ep27241,-13.994164535871148
ep27242,30.311871915346735
ep27243,-13.994164535871148
ep27244,-13.994164535871148
ep27245,-13.994164535871148
ep27246,-13.994164535871148
ep27247,-13.994164535871148
ep27248,-13.994164535871148
ep27249,-13.994164535871148
ep27250,-13.994164535871148
ep27251,30.311871915346735
ep27252,30.311871915346735
ep27253,-13.994164535871148
ep27254,-13.994164535871148
ep27255,31.628153449845186
ep27256,-13.994164535871148
ep27257,-13.994164535871148
ep27258,34.30073813880746
ep27259,30.311871915346735
ep27260,37.02758712254613
ep27261,-13.994164535871148
ep27262,-13.994164535871148
ep27263,-13.994164535871148
ep27264,-13.994164535871148
ep27265,-13.994164535871148
ep27266,-13.994164535871148
ep27267,30.311871915346735
ep27268,-13.994164535871148
ep27269,-13.994164535871148
ep27270,31.628153449845186
ep27271,39.80980218604849
ep27272,34.30073813880746
ep27273,-13.994164535871148
ep27274,35.65731125132067
ep27275,37.02758712254613
ep27276,-13.994164535871148
ep27277,31.628153449845186
ep27278,-13.994164535871148
ep27279,34.30073813880746
ep27280,-13.994164535871148
ep27281,30.311871915346735
ep27282,30.311871915346735
ep27283,-13.994164535871148
ep27284,-13.994164535871148
ep27285,-13.994164535871148
ep27286,-13.994164535871148
ep27287,-13.994164535871148
ep27288,34.30073813880746
ep27289,34.30073813880746
ep27290,-13.994164535871148
ep27291,38.41170416418801
ep27292,32.957730757419384
ep27293,34.30073813880746
ep27294,-13.994164535871148
ep27295,-13.994164535871148
ep27296,34.30073813880746
ep27297,-13.994164535871148
ep27298,-13.994164535871148
ep27299,-13.994164535871148
ep27300,30.311871915346735
ep27301,-13.994164535871148
ep27302,30.311871915346735
ep27303,-13.994164535871148
ep27304,-13.994164535871148
ep27305,-13.994164535871148
ep27306,30.311871915346735
ep27307,-13.994164535871148
ep27308,-13.994164535871148
ep27309,-13.994164535871148
ep27310,-13.994164535871148
ep27311,39.80980218604849
ep27312,-13.994164535871148
ep27313,-13.994164535871148
ep27314,-13.994164535871148
ep27315,-13.994164535871148
ep27316,-13.994164535871148
ep27317,30.311871915346735
ep27318,37.02758712254613
ep27319,-13.994164535871148
ep27320,-13.994164535871148
ep27321,32.957730757419384
ep27322,-13.994164535871148
ep27323,-13.994164535871148
ep27324,-13.994164535871148
ep27325,30.311871915346735
ep27326,32.957730757419384
ep27327,-13.994164535871148
ep27328,-13.994164535871148
ep27329,-13.994164535871148
ep27330,-13.994164535871148
ep27331,-13.994164535871148
ep27332,-13.994164535871148
ep27333,-13.994164535871148
ep27334,-13.994164535871148
ep27335,-13.994164535871148
ep27336,29.00875319619327
ep27337,31.628153449845186
ep27338,34.30073813880746
ep27339,34.30073813880746
ep27340,-13.994164535871148
ep27341,-13.994164535871148
ep27342,-13.994164535871148
ep27343,-13.994164535871148
ep27344,32.957730757419384
ep27345,-13.994164535871148
ep27346,30.311871915346735
ep27347,38.41170416418801
ep27348,-13.994164535871148
ep27349,-13.994164535871148
ep27350,29.00875319619327
ep27351,29.00875319619327
ep27352,29.00875319619327
ep27353,30.311871915346735
ep27354,-13.994164535871148
ep27355,35.65731125132067
ep27356,-13.994164535871148
ep27357,-13.994164535871148
ep27358,-13.994164535871148
ep27359,41.22202241015
ep27360,30.311871915346735
ep27361,30.311871915346735
ep27362,39.80980218604849
ep27363,-13.994164535871148
ep27364,34.30073813880746
ep27365,-13.994164535871148
ep27366,30.311871915346735
ep27367,-13.994164535871148
ep27368,39.80980218604849
ep27369,30.311871915346735
ep27370,-13.994164535871148
ep27371,-13.994164535871148
ep27372,-13.994164535871148
ep27373,-13.994164535871148
ep27374,35.65731125132067
ep27375,-13.994164535871148
ep27376,-13.994164535871148
ep27377,-13.994164535871148
ep27378,-13.994164535871148
ep27379,-13.994164535871148
ep27380,-13.994164535871148
ep27381,-13.994164535871148
ep27382,-13.994164535871148
ep27383,38.41170416418801
ep27384,-13.994164535871148
ep27385,-13.994164535871148
ep27386,30.311871915346735
ep27387,-13.994164535871148
ep27388,-13.994164535871148
ep27389,-13.994164535871148
ep27390,30.311871915346735
ep27391,-13.994164535871148
ep27392,34.30073813880746
ep27393,-13.994164535871148
ep27394,-13.994164535871148
ep27395,-13.994164535871148
ep27396,-13.994164535871148
ep27397,30.311871915346735
ep27398,39.80980218604849
ep27399,-13.994164535871148
ep27400,34.30073813880746
ep27401,-13.994164535871148
ep27402,-13.994164535871148
ep27403,-13.994164535871148
ep27404,-13.994164535871148
ep27405,30.311871915346735
ep27406,-13.994164535871148
ep27407,-13.994164535871148
ep27408,-13.994164535871148
ep27409,-13.994164535871148
ep27410,-13.994164535871148
ep27411,-13.994164535871148
ep27412,32.957730757419384
ep27413,-13.994164535871148
ep27414,-13.994164535871148
ep27415,-13.994164535871148
ep27416,-13.994164535871148
ep27417,-13.994164535871148
ep27418,34.30073813880746
ep27419,-13.994164535871148
ep27420,37.02758712254613
ep27421,37.02758712254613
ep27422,-13.994164535871148
ep27423,-13.994164535871148
ep27424,-13.994164535871148
ep27425,-13.994164535871148
ep27426,34.30073813880746
ep27427,-13.994164535871148
ep27428,35.65731125132067
ep27429,-13.994164535871148
ep27430,-13.994164535871148
ep27431,-13.994164535871148
ep27432,37.02758712254613
ep27433,29.00875319619327
ep27434,31.628153449845186
ep27435,29.00875319619327
ep27436,-13.994164535871148
ep27437,-13.994164535871148
ep27438,34.30073813880746
ep27439,38.41170416418801
ep27440,-13.994164535871148
ep27441,32.957730757419384
ep27442,32.957730757419384
ep27443,41.22202241015
ep27444,31.628153449845186
ep27445,-13.994164535871148
ep27446,34.30073813880746
ep27447,-13.994164535871148
ep27448,-13.994164535871148
ep27449,-13.994164535871148
ep27450,38.41170416418801
ep27451,-13.994164535871148
ep27452,-13.994164535871148
ep27453,32.957730757419384
ep27454,-13.994164535871148
ep27455,30.311871915346735
ep27456,-13.994164535871148
ep27457,35.65731125132067
ep27458,-13.994164535871148
ep27459,-13.994164535871148
ep27460,37.02758712254613
ep27461,-13.994164535871148
ep27462,-13.994164535871148
ep27463,-13.994164535871148
ep27464,-13.994164535871148
ep27465,30.311871915346735
ep27466,-13.994164535871148
ep27467,-13.994164535871148
ep27468,-13.994164535871148
ep27469,-13.994164535871148
ep27470,-13.994164535871148
ep27471,32.957730757419384
ep27472,-13.994164535871148
ep27473,-13.994164535871148
ep27474,32.957730757419384
ep27475,-13.994164535871148
ep27476,39.80980218604849
ep27477,-13.994164535871148
ep27478,-13.994164535871148
ep27479,-13.994164535871148
ep27480,38.41170416418801
ep27481,37.02758712254613
ep27482,32.957730757419384
ep27483,-13.994164535871148
ep27484,-13.994164535871148
ep27485,-13.994164535871148
ep27486,-13.994164535871148
ep27487,-13.994164535871148
ep27488,-13.994164535871148
ep27489,-13.994164535871148
ep27490,34.30073813880746
ep27491,-13.994164535871148
ep27492,29.00875319619327
ep27493,-13.994164535871148
ep27494,-13.994164535871148
ep27495,-13.994164535871148
ep27496,-13.994164535871148
ep27497,35.65731125132067
ep27498,-13.994164535871148
ep27499,-13.994164535871148
ep27500,-13.994164535871148
ep27501,34.30073813880746
ep27502,-13.994164535871148
ep27503,32.957730757419384
ep27504,-13.994164535871148
ep27505,-13.994164535871148
ep27506,31.628153449845186
ep27507,-13.994164535871148
ep27508,-13.994164535871148
ep27509,-13.994164535871148
ep27510,-13.994164535871148
ep27511,30.311871915346735
ep27512,30.311871915346735
ep27513,-13.994164535871148
ep27514,-13.994164535871148
ep27515,-13.994164535871148
ep27516,32.957730757419384
ep27517,-13.994164535871148
ep27518,-13.994164535871148
ep27519,-13.994164535871148
ep27520,-13.994164535871148
ep27521,-13.994164535871148
ep27522,31.628153449845186
ep27523,31.628153449845186
ep27524,-13.994164535871148
ep27525,-13.994164535871148
ep27526,-13.994164535871148
ep27527,-13.994164535871148
ep27528,30.311871915346735
ep27529,-13.994164535871148
ep27530,-13.994164535871148
ep27531,41.22202241015
ep27532,-13.994164535871148
ep27533,-13.994164535871148
ep27534,-13.994164535871148
ep27535,-13.994164535871148
ep27536,34.30073813880746
ep27537,-13.994164535871148
ep27538,-13.994164535871148
ep27539,-13.994164535871148
ep27540,34.30073813880746
ep27541,31.628153449845186
ep27542,-13.994164535871148
ep27543,30.311871915346735
ep27544,-13.994164535871148
ep27545,30.311871915346735
ep27546,29.00875319619327
ep27547,-13.994164535871148
ep27548,-13.994164535871148
ep27549,-13.994164535871148
ep27550,-13.994164535871148
ep27551,-13.994164535871148
ep27552,32.957730757419384
ep27553,-13.994164535871148
ep27554,-13.994164535871148
ep27555,-13.994164535871148
ep27556,-13.994164535871148
ep27557,-13.994164535871148
ep27558,-13.994164535871148
ep27559,-13.994164535871148
ep27560,30.311871915346735
ep27561,-13.994164535871148
ep27562,-13.994164535871148
ep27563,-13.994164535871148
ep27564,30.311871915346735
ep27565,-13.994164535871148
ep27566,30.311871915346735
ep27567,-13.994164535871148
ep27568,32.957730757419384
ep27569,-13.994164535871148
ep27570,-13.994164535871148
ep27571,-13.994164535871148
ep27572,30.311871915346735
ep27573,-13.994164535871148
ep27574,-13.994164535871148
ep27575,-13.994164535871148
ep27576,-13.994164535871148
ep27577,-13.994164535871148
ep27578,38.41170416418801
ep27579,-13.994164535871148
ep27580,34.30073813880746
ep27581,-13.994164535871148
ep27582,-13.994164535871148
ep27583,-13.994164535871148
ep27584,38.41170416418801
ep27585,-13.994164535871148
ep27586,30.311871915346735
ep27587,-13.994164535871148
ep27588,-13.994164535871148
ep27589,-13.994164535871148
ep27590,-13.994164535871148
ep27591,30.311871915346735
ep27592,38.41170416418801
ep27593,-13.994164535871148
ep27594,-13.994164535871148
ep27595,34.30073813880746
ep27596,-13.994164535871148
ep27597,-13.994164535871148
ep27598,-13.994164535871148
ep27599,-13.994164535871148
ep27600,-13.994164535871148
ep27601,-13.994164535871148
ep27602,-13.994164535871148
ep27603,29.00875319619327
ep27604,-13.994164535871148
ep27605,-13.994164535871148
ep27606,30.311871915346735
ep27607,34.30073813880746
ep27608,30.311871915346735
ep27609,-13.994164535871148
ep27610,-13.994164535871148
ep27611,32.957730757419384
ep27612,-13.994164535871148
ep27613,-13.994164535871148
ep27614,-13.994164535871148
ep27615,-13.994164535871148
ep27616,31.628153449845186
ep27617,-13.994164535871148
ep27618,31.628153449845186
ep27619,37.02758712254613
ep27620,29.00875319619327
ep27621,-13.994164535871148
ep27622,30.311871915346735
ep27623,32.957730757419384
ep27624,32.957730757419384
ep27625,-13.994164535871148
ep27626,32.957730757419384
ep27627,-13.994164535871148
ep27628,-13.994164535871148
ep27629,30.311871915346735
ep27630,30.311871915346735
ep27631,32.957730757419384
ep27632,-13.994164535871148
ep27633,-13.994164535871148
ep27634,-13.994164535871148
ep27635,-13.994164535871148
ep27636,37.02758712254613
ep27637,34.30073813880746
ep27638,37.02758712254613
ep27639,-13.994164535871148
ep27640,29.00875319619327
ep27641,-13.994164535871148
ep27642,-13.994164535871148
ep27643,-13.994164535871148
ep27644,-13.994164535871148
ep27645,41.22202241015
ep27646,-13.994164535871148
ep27647,34.30073813880746
ep27648,-13.994164535871148
ep27649,-13.994164535871148
ep27650,-13.994164535871148
ep27651,-13.994164535871148
ep27652,-13.994164535871148
ep27653,-13.994164535871148
ep27654,29.00875319619327
ep27655,30.311871915346735
ep27656,38.41170416418801
ep27657,34.30073813880746
ep27658,38.41170416418801
ep27659,-13.994164535871148
ep27660,-13.994164535871148
ep27661,30.311871915346735
ep27662,-13.994164535871148
ep27663,-13.994164535871148
ep27664,-13.994164535871148
ep27665,30.311871915346735
ep27666,30.311871915346735
ep27667,30.311871915346735
ep27668,-13.994164535871148
ep27669,-13.994164535871148
ep27670,39.80980218604849
ep27671,-13.994164535871148
ep27672,-13.994164535871148
ep27673,-13.994164535871148
ep27674,30.311871915346735
ep27675,-13.994164535871148
ep27676,-13.994164535871148
ep27677,32.957730757419384
ep27678,-13.994164535871148
ep27679,38.41170416418801
ep27680,30.311871915346735
ep27681,-13.994164535871148
ep27682,37.02758712254613
ep27683,-13.994164535871148
ep27684,-13.994164535871148
ep27685,-13.994164535871148
ep27686,-13.994164535871148
ep27687,34.30073813880746
ep27688,32.957730757419384
ep27689,-13.994164535871148
ep27690,-13.994164535871148
ep27691,-13.994164535871148
ep27692,-13.994164535871148
ep27693,30.311871915346735
ep27694,30.311871915346735
ep27695,-13.994164535871148
ep27696,-13.994164535871148
ep27697,-13.994164535871148
ep27698,-13.994164535871148
ep27699,30.311871915346735
ep27700,32.957730757419384
ep27701,38.41170416418801
ep27702,-13.994164535871148
ep27703,-13.994164535871148
ep27704,39.80980218604849
ep27705,30.311871915346735
ep27706,-13.994164535871148
ep27707,-13.994164535871148
ep27708,-13.994164535871148
ep27709,-13.994164535871148
ep27710,39.80980218604849
ep27711,-13.994164535871148
ep27712,-13.994164535871148
ep27713,29.00875319619327
ep27714,-13.994164535871148
ep27715,-13.994164535871148
ep27716,-13.994164535871148
ep27717,-13.994164535871148
ep27718,32.957730757419384
ep27719,30.311871915346735
ep27720,30.311871915346735
ep27721,-13.994164535871148
ep27722,37.02758712254613
ep27723,-13.994164535871148
ep27724,-13.994164535871148
ep27725,-13.994164535871148
ep27726,30.311871915346735
ep27727,29.00875319619327
ep27728,-13.994164535871148
ep27729,-13.994164535871148
ep27730,-13.994164535871148
ep27731,-13.994164535871148
ep27732,34.30073813880746
ep27733,32.957730757419384
ep27734,-13.994164535871148
ep27735,-13.994164535871148
ep27736,-13.994164535871148
ep27737,30.311871915346735
ep27738,37.02758712254613
ep27739,-13.994164535871148
ep27740,-13.994164535871148
ep27741,-13.994164535871148
ep27742,32.957730757419384
ep27743,-13.994164535871148
ep27744,-13.994164535871148
ep27745,30.311871915346735
ep27746,-13.994164535871148
ep27747,34.30073813880746
ep27748,32.957730757419384
ep27749,32.957730757419384
ep27750,34.30073813880746
ep27751,-13.994164535871148
ep27752,-13.994164535871148
ep27753,-13.994164535871148
ep27754,-13.994164535871148
ep27755,-13.994164535871148
ep27756,41.22202241015
ep27757,-13.994164535871148
ep27758,30.311871915346735
ep27759,30.311871915346735
ep27760,37.02758712254613
ep27761,30.311871915346735
ep27762,38.41170416418801
ep27763,-13.994164535871148
ep27764,34.30073813880746
ep27765,-13.994164535871148
ep27766,-13.994164535871148
ep27767,34.30073813880746
ep27768,-13.994164535871148
ep27769,-13.994164535871148
ep27770,31.628153449845186
ep27771,-13.994164535871148
ep27772,-13.994164535871148
ep27773,-13.994164535871148
ep27774,-13.994164535871148
ep27775,-13.994164535871148
ep27776,30.311871915346735
ep27777,-13.994164535871148
ep27778,-13.994164535871148
ep27779,37.02758712254613
ep27780,34.30073813880746
ep27781,-13.994164535871148
ep27782,-13.994164535871148
ep27783,-13.994164535871148
ep27784,-13.994164535871148
ep27785,-13.994164535871148
ep27786,30.311871915346735
ep27787,-13.994164535871148
ep27788,29.00875319619327
ep27789,-13.994164535871148
ep27790,-13.994164535871148
ep27791,-13.994164535871148
ep27792,-13.994164535871148
ep27793,-13.994164535871148
ep27794,-13.994164535871148
ep27795,-13.994164535871148
ep27796,-13.994164535871148
ep27797,-13.994164535871148
ep27798,-13.994164535871148
ep27799,-13.994164535871148
ep27800,37.02758712254613
ep27801,37.02758712254613
ep27802,-13.994164535871148
ep27803,-13.994164535871148
ep27804,-13.994164535871148
ep27805,30.311871915346735
ep27806,30.311871915346735
ep27807,-13.994164535871148
ep27808,30.311871915346735
ep27809,-13.994164535871148
ep27810,34.30073813880746
ep27811,-13.994164535871148
ep27812,-13.994164535871148
ep27813,30.311871915346735
ep27814,34.30073813880746
ep27815,-13.994164535871148
ep27816,-13.994164535871148
ep27817,35.65731125132067
ep27818,30.311871915346735
ep27819,-13.994164535871148
ep27820,37.02758712254613
ep27821,-13.994164535871148
ep27822,-13.994164535871148
ep27823,31.628153449845186
ep27824,-13.994164535871148
ep27825,34.30073813880746
ep27826,37.02758712254613
ep27827,30.311871915346735
ep27828,-13.994164535871148
ep27829,-13.994164535871148
ep27830,-13.994164535871148
ep27831,-13.994164535871148
ep27832,-13.994164535871148
ep27833,29.00875319619327
ep27834,-13.994164535871148
ep27835,30.311871915346735
ep27836,-13.994164535871148
ep27837,-13.994164535871148
ep27838,-13.994164535871148
ep27839,-13.994164535871148
ep27840,-13.994164535871148
ep27841,30.311871915346735
ep27842,30.311871915346735
ep27843,-13.994164535871148
ep27844,-13.994164535871148
ep27845,-13.994164535871148
ep27846,-13.994164535871148
ep27847,30.311871915346735
ep27848,35.65731125132067
ep27849,-13.994164535871148
ep27850,38.41170416418801
ep27851,-13.994164535871148
ep27852,-13.994164535871148
ep27853,-13.994164535871148
ep27854,-13.994164535871148
ep27855,-13.994164535871148
ep27856,31.628153449845186
ep27857,-13.994164535871148
ep27858,-13.994164535871148
ep27859,30.311871915346735
ep27860,-13.994164535871148
ep27861,-13.994164535871148
ep27862,29.00875319619327
ep27863,-13.994164535871148
ep27864,-13.994164535871148
ep27865,-13.994164535871148
ep27866,30.311871915346735
ep27867,30.311871915346735
ep27868,-13.994164535871148
ep27869,-13.994164535871148
ep27870,-13.994164535871148
ep27871,-13.994164535871148
ep27872,-13.994164535871148
ep27873,-13.994164535871148
ep27874,-13.994164535871148
ep27875,37.02758712254613
ep27876,32.957730757419384
ep27877,37.02758712254613
ep27878,-13.994164535871148
ep27879,-13.994164535871148
ep27880,-13.994164535871148
ep27881,37.02758712254613
ep27882,-13.994164535871148
ep27883,-13.994164535871148
ep27884,-13.994164535871148
ep27885,-13.994164535871148
ep27886,-13.994164535871148
ep27887,39.80980218604849
ep27888,-13.994164535871148
ep27889,32.957730757419384
ep27890,-13.994164535871148
ep27891,38.41170416418801
ep27892,39.80980218604849
ep27893,-13.994164535871148
ep27894,-13.994164535871148
ep27895,-13.994164535871148
ep27896,30.311871915346735
ep27897,-13.994164535871148
ep27898,-13.994164535871148
ep27899,30.311871915346735
ep27900,32.957730757419384
ep27901,-13.994164535871148
ep27902,-13.994164535871148
ep27903,-13.994164535871148
ep27904,-13.994164535871148
ep27905,37.02758712254613
ep27906,34.30073813880746
ep27907,34.30073813880746
ep27908,-13.994164535871148
ep27909,30.311871915346735
ep27910,31.628153449845186
ep27911,-13.994164535871148
ep27912,-13.994164535871148
ep27913,-13.994164535871148
ep27914,-13.994164535871148
ep27915,-13.994164535871148
ep27916,-13.994164535871148
ep27917,-13.994164535871148
ep27918,34.30073813880746
ep27919,-13.994164535871148
ep27920,-13.994164535871148
ep27921,30.311871915346735
ep27922,-13.994164535871148
ep27923,37.02758712254613
ep27924,31.628153449845186
ep27925,-13.994164535871148
ep27926,34.30073813880746
ep27927,-13.994164535871148
ep27928,-13.994164535871148
ep27929,30.311871915346735
ep27930,30.311871915346735
ep27931,30.311871915346735
ep27932,-13.994164535871148
ep27933,-13.994164535871148
ep27934,34.30073813880746
ep27935,30.311871915346735
ep27936,-13.994164535871148
ep27937,-13.994164535871148
ep27938,-13.994164535871148
ep27939,37.02758712254613
ep27940,-13.994164535871148
ep27941,-13.994164535871148
ep27942,32.957730757419384
ep27943,38.41170416418801
ep27944,-13.994164535871148
ep27945,-13.994164535871148
ep27946,-13.994164535871148
ep27947,34.30073813880746
ep27948,-13.994164535871148
ep27949,38.41170416418801
ep27950,32.957730757419384
ep27951,-13.994164535871148
ep27952,-13.994164535871148
ep27953,-13.994164535871148
ep27954,-13.994164535871148
ep27955,-13.994164535871148
ep27956,30.311871915346735
ep27957,41.22202241015
ep27958,32.957730757419384
ep27959,-13.994164535871148
ep27960,-13.994164535871148
ep27961,34.30073813880746
ep27962,37.02758712254613
ep27963,-13.994164535871148
ep27964,-13.994164535871148
ep27965,31.628153449845186
ep27966,39.80980218604849
ep27967,-13.994164535871148
ep27968,-13.994164535871148
ep27969,-13.994164535871148
ep27970,-13.994164535871148
ep27971,34.30073813880746
ep27972,-13.994164535871148
ep27973,-13.994164535871148
ep27974,29.00875319619327
ep27975,-13.994164535871148
ep27976,-13.994164535871148
ep27977,-13.994164535871148
ep27978,34.30073813880746
ep27979,-13.994164535871148
ep27980,-13.994164535871148
ep27981,-13.994164535871148
ep27982,34.30073813880746
ep27983,-13.994164535871148
ep27984,-13.994164535871148
ep27985,-13.994164535871148
ep27986,-13.994164535871148
ep27987,-13.994164535871148
ep27988,-13.994164535871148
ep27989,-13.994164535871148
ep27990,30.311871915346735
ep27991,-13.994164535871148
ep27992,34.30073813880746
ep27993,-13.994164535871148
ep27994,-13.994164535871148
ep27995,29.00875319619327
ep27996,-13.994164535871148
ep27997,-13.994164535871148
ep27998,-13.994164535871148
ep27999,38.41170416418801
ep28000,32.957730757419384
ep28001,-13.994164535871148
ep28002,-13.994164535871148
ep28003,-13.994164535871148
ep28004,-13.994164535871148
ep28005,-13.994164535871148
ep28006,-13.994164535871148
ep28007,-13.994164535871148
ep28008,32.957730757419384
ep28009,-13.994164535871148
ep28010,30.311871915346735
ep28011,-13.994164535871148
ep28012,-13.994164535871148
ep28013,-13.994164535871148
ep28014,30.311871915346735
ep28015,30.311871915346735
ep28016,-13.994164535871148
ep28017,29.00875319619327
ep28018,-13.994164535871148
ep28019,-13.994164535871148
ep28020,30.311871915346735
ep28021,-13.994164535871148
ep28022,-13.994164535871148
ep28023,32.957730757419384
ep28024,39.80980218604849
ep28025,-13.994164535871148
ep28026,-13.994164535871148
ep28027,39.80980218604849
ep28028,-13.994164535871148
ep28029,-13.994164535871148
ep28030,-13.994164535871148
ep28031,38.41170416418801
ep28032,37.02758712254613
ep28033,-13.994164535871148
ep28034,30.311871915346735
ep28035,-13.994164535871148
ep28036,-13.994164535871148
ep28037,-13.994164535871148
ep28038,31.628153449845186
ep28039,-13.994164535871148
ep28040,-13.994164535871148
ep28041,-13.994164535871148
ep28042,-13.994164535871148
ep28043,-13.994164535871148
ep28044,37.02758712254613
ep28045,-13.994164535871148
ep28046,39.80980218604849
ep28047,-13.994164535871148
ep28048,-13.994164535871148
ep28049,-13.994164535871148
ep28050,35.65731125132067
ep28051,-13.994164535871148
ep28052,34.30073813880746
ep28053,-13.994164535871148
ep28054,30.311871915346735
ep28055,-13.994164535871148
ep28056,-13.994164535871148
ep28057,-13.994164535871148
ep28058,-13.994164535871148
ep28059,-13.994164535871148
ep28060,-13.994164535871148
ep28061,-13.994164535871148
ep28062,-13.994164535871148
ep28063,30.311871915346735
ep28064,-13.994164535871148
ep28065,-13.994164535871148
ep28066,-13.994164535871148
ep28067,41.22202241015
ep28068,-13.994164535871148
ep28069,-13.994164535871148
ep28070,-13.994164535871148
ep28071,30.311871915346735
ep28072,-13.994164535871148
ep28073,-13.994164535871148
ep28074,31.628153449845186
ep28075,-13.994164535871148
ep28076,30.311871915346735
ep28077,-13.994164535871148
ep28078,-13.994164535871148
ep28079,-13.994164535871148
ep28080,-13.994164535871148
ep28081,30.311871915346735
ep28082,-13.994164535871148
ep28083,-13.994164535871148
ep28084,-13.994164535871148
ep28085,32.957730757419384
ep28086,30.311871915346735
ep28087,-13.994164535871148
ep28088,-13.994164535871148
ep28089,-13.994164535871148
ep28090,41.22202241015
ep28091,35.65731125132067
ep28092,-13.994164535871148
ep28093,30.311871915346735
ep28094,32.957730757419384
ep28095,34.30073813880746
ep28096,-13.994164535871148
ep28097,-13.994164535871148
ep28098,-13.994164535871148
ep28099,38.41170416418801
ep28100,-13.994164535871148
ep28101,30.311871915346735
ep28102,-13.994164535871148
ep28103,34.30073813880746
ep28104,30.311871915346735
ep28105,30.311871915346735
ep28106,30.311871915346735
ep28107,-13.994164535871148
ep28108,-13.994164535871148
ep28109,-13.994164535871148
ep28110,-13.994164535871148
ep28111,37.02758712254613
ep28112,37.02758712254613
ep28113,39.80980218604849
ep28114,32.957730757419384
ep28115,39.80980218604849
ep28116,41.22202241015
ep28117,32.957730757419384
ep28118,-13.994164535871148
ep28119,-13.994164535871148
ep28120,-13.994164535871148
ep28121,34.30073813880746
ep28122,-13.994164535871148
ep28123,-13.994164535871148
ep28124,34.30073813880746
ep28125,-13.994164535871148
ep28126,-13.994164535871148
ep28127,30.311871915346735
ep28128,34.30073813880746
ep28129,-13.994164535871148
ep28130,30.311871915346735
ep28131,-13.994164535871148
ep28132,-13.994164535871148
ep28133,30.311871915346735
ep28134,30.311871915346735
ep28135,30.311871915346735
ep28136,29.00875319619327
ep28137,-13.994164535871148
ep28138,30.311871915346735
ep28139,37.02758712254613
ep28140,39.80980218604849
ep28141,-13.994164535871148
ep28142,-13.994164535871148
ep28143,-13.994164535871148
ep28144,-13.994164535871148
ep28145,-13.994164535871148
ep28146,-13.994164535871148
ep28147,-13.994164535871148
ep28148,-13.994164535871148
ep28149,-13.994164535871148
ep28150,30.311871915346735
ep28151,-13.994164535871148
ep28152,-13.994164535871148
ep28153,29.00875319619327
ep28154,-13.994164535871148
ep28155,-13.994164535871148
ep28156,-13.994164535871148
ep28157,-13.994164535871148
ep28158,-13.994164535871148
ep28159,30.311871915346735
ep28160,-13.994164535871148
ep28161,-13.994164535871148
ep28162,-13.994164535871148
ep28163,-13.994164535871148
ep28164,-13.994164535871148
ep28165,-13.994164535871148
ep28166,-13.994164535871148
ep28167,-13.994164535871148
ep28168,-13.994164535871148
ep28169,-13.994164535871148
ep28170,31.628153449845186
ep28171,-13.994164535871148
ep28172,-13.994164535871148
ep28173,-13.994164535871148
ep28174,-13.994164535871148
ep28175,-13.994164535871148
ep28176,34.30073813880746
ep28177,35.65731125132067
ep28178,-13.994164535871148
ep28179,-13.994164535871148
ep28180,34.30073813880746
ep28181,-13.994164535871148
ep28182,-13.994164535871148
ep28183,-13.994164535871148
ep28184,-13.994164535871148
ep28185,-13.994164535871148
ep28186,-13.994164535871148
ep28187,34.30073813880746
ep28188,-13.994164535871148
ep28189,-13.994164535871148
ep28190,30.311871915346735
ep28191,-13.994164535871148
ep28192,31.628153449845186
ep28193,34.30073813880746
ep28194,-13.994164535871148
ep28195,32.957730757419384
ep28196,-13.994164535871148
ep28197,30.311871915346735
ep28198,-13.994164535871148
ep28199,-13.994164535871148
ep28200,32.957730757419384
ep28201,-13.994164535871148
ep28202,30.311871915346735
ep28203,34.30073813880746
ep28204,37.02758712254613
ep28205,30.311871915346735
ep28206,-13.994164535871148
ep28207,30.311871915346735
ep28208,30.311871915346735
ep28209,30.311871915346735
ep28210,-13.994164535871148
ep28211,-13.994164535871148
ep28212,31.628153449845186
ep28213,-13.994164535871148
ep28214,32.957730757419384
ep28215,31.628153449845186
ep28216,39.80980218604849
ep28217,-13.994164535871148
ep28218,32.957730757419384
ep28219,-13.994164535871148
ep28220,30.311871915346735
ep28221,34.30073813880746
ep28222,34.30073813880746
ep28223,30.311871915346735
ep28224,-13.994164535871148
ep28225,39.80980218604849
ep28226,38.41170416418801
ep28227,-13.994164535871148
ep28228,-13.994164535871148
ep28229,37.02758712254613
ep28230,29.00875319619327
ep28231,-13.994164535871148
ep28232,32.957730757419384
ep28233,-13.994164535871148
ep28234,-13.994164535871148
ep28235,-13.994164535871148
ep28236,31.628153449845186
ep28237,-13.994164535871148
ep28238,-13.994164535871148
ep28239,-13.994164535871148
ep28240,39.80980218604849
ep28241,-13.994164535871148
ep28242,-13.994164535871148
ep28243,29.00875319619327
ep28244,-13.994164535871148
ep28245,-13.994164535871148
ep28246,30.311871915346735
ep28247,32.957730757419384
ep28248,30.311871915346735
ep28249,-13.994164535871148
ep28250,30.311871915346735
ep28251,34.30073813880746
ep28252,32.957730757419384
ep28253,-13.994164535871148
ep28254,-13.994164535871148
ep28255,-13.994164535871148
ep28256,32.957730757419384
ep28257,-13.994164535871148
ep28258,-13.994164535871148
ep28259,-13.994164535871148
ep28260,-13.994164535871148
ep28261,-13.994164535871148
ep28262,29.00875319619327
ep28263,37.02758712254613
ep28264,30.311871915346735
ep28265,-13.994164535871148
ep28266,-13.994164535871148
ep28267,-13.994164535871148
ep28268,-13.994164535871148
ep28269,-13.994164535871148
ep28270,-13.994164535871148
ep28271,-13.994164535871148
ep28272,30.311871915346735
ep28273,-13.994164535871148
ep28274,-13.994164535871148
ep28275,-13.994164535871148
ep28276,-13.994164535871148
ep28277,-13.994164535871148
ep28278,30.311871915346735
ep28279,-13.994164535871148
ep28280,-13.994164535871148
ep28281,-13.994164535871148
ep28282,-13.994164535871148
ep28283,-13.994164535871148
ep28284,-13.994164535871148
ep28285,32.957730757419384
ep28286,-13.994164535871148
ep28287,30.311871915346735
ep28288,-13.994164535871148
ep28289,-13.994164535871148
ep28290,37.02758712254613
ep28291,31.628153449845186
ep28292,30.311871915346735
ep28293,-13.994164535871148
ep28294,32.957730757419384
ep28295,-13.994164535871148
ep28296,-13.994164535871148
ep28297,-13.994164535871148
ep28298,-13.994164535871148
ep28299,30.311871915346735
ep28300,32.957730757419384
ep28301,-13.994164535871148
ep28302,30.311871915346735
ep28303,-13.994164535871148
ep28304,30.311871915346735
ep28305,-13.994164535871148
ep28306,35.65731125132067
ep28307,-13.994164535871148
ep28308,-13.994164535871148
ep28309,31.628153449845186
ep28310,-13.994164535871148
ep28311,-13.994164535871148
ep28312,-13.994164535871148
ep28313,34.30073813880746
ep28314,37.02758712254613
ep28315,37.02758712254613
ep28316,-13.994164535871148
ep28317,30.311871915346735
ep28318,-13.994164535871148
ep28319,39.80980218604849
ep28320,32.957730757419384
ep28321,-13.994164535871148
ep28322,32.957730757419384
ep28323,-13.994164535871148
ep28324,-13.994164535871148
ep28325,-13.994164535871148
ep28326,30.311871915346735
ep28327,39.80980218604849
ep28328,30.311871915346735
ep28329,-13.994164535871148
ep28330,-13.994164535871148
ep28331,-13.994164535871148
ep28332,-13.994164535871148
ep28333,-13.994164535871148
ep28334,29.00875319619327
ep28335,-13.994164535871148
ep28336,-13.994164535871148
ep28337,31.628153449845186
ep28338,31.628153449845186
ep28339,-13.994164535871148
ep28340,37.02758712254613
ep28341,-13.994164535871148
ep28342,29.00875319619327
ep28343,-13.994164535871148
ep28344,-13.994164535871148
ep28345,-13.994164535871148
ep28346,31.628153449845186
ep28347,-13.994164535871148
ep28348,29.00875319619327
ep28349,-13.994164535871148
ep28350,-13.994164535871148
ep28351,-13.994164535871148
ep28352,30.311871915346735
ep28353,-13.994164535871148
ep28354,-13.994164535871148
ep28355,34.30073813880746
ep28356,-13.994164535871148
ep28357,-13.994164535871148
ep28358,-13.994164535871148
ep28359,30.311871915346735
ep28360,32.957730757419384
ep28361,34.30073813880746
ep28362,-13.994164535871148
ep28363,-13.994164535871148
ep28364,-13.994164535871148
ep28365,29.00875319619327
ep28366,-13.994164535871148
ep28367,38.41170416418801
ep28368,-13.994164535871148
ep28369,-13.994164535871148
ep28370,-13.994164535871148
ep28371,37.02758712254613
ep28372,-13.994164535871148
ep28373,-13.994164535871148
ep28374,-13.994164535871148
ep28375,31.628153449845186
ep28376,34.30073813880746
ep28377,34.30073813880746
ep28378,34.30073813880746
ep28379,30.311871915346735
ep28380,30.311871915346735
ep28381,30.311871915346735
ep28382,-13.994164535871148
ep28383,-13.994164535871148
ep28384,-13.994164535871148
ep28385,-13.994164535871148
ep28386,30.311871915346735
ep28387,-13.994164535871148
ep28388,-13.994164535871148
ep28389,-13.994164535871148
ep28390,-13.994164535871148
ep28391,-13.994164535871148
ep28392,-13.994164535871148
ep28393,-13.994164535871148
ep28394,-13.994164535871148
ep28395,34.30073813880746
ep28396,-13.994164535871148
ep28397,-13.994164535871148
ep28398,-13.994164535871148
ep28399,30.311871915346735
ep28400,-13.994164535871148
ep28401,-13.994164535871148
ep28402,-13.994164535871148
ep28403,-13.994164535871148
ep28404,34.30073813880746
ep28405,-13.994164535871148
ep28406,-13.994164535871148
ep28407,-13.994164535871148
ep28408,-13.994164535871148
ep28409,-13.994164535871148
ep28410,-13.994164535871148
ep28411,-13.994164535871148
ep28412,-13.994164535871148
ep28413,-13.994164535871148
ep28414,-13.994164535871148
ep28415,-13.994164535871148
ep28416,-13.994164535871148
ep28417,-13.994164535871148
ep28418,32.957730757419384
ep28419,-13.994164535871148
ep28420,-13.994164535871148
ep28421,30.311871915346735
ep28422,-13.994164535871148
ep28423,-13.994164535871148
ep28424,-13.994164535871148
ep28425,35.65731125132067
ep28426,-13.994164535871148
ep28427,30.311871915346735
ep28428,-13.994164535871148
ep28429,30.311871915346735
ep28430,-13.994164535871148
ep28431,30.311871915346735
ep28432,30.311871915346735
ep28433,-13.994164535871148
ep28434,-13.994164535871148
ep28435,-13.994164535871148
ep28436,32.957730757419384
ep28437,-13.994164535871148
ep28438,-13.994164535871148
ep28439,-13.994164535871148
ep28440,-13.994164535871148
ep28441,-13.994164535871148
ep28442,-13.994164535871148
ep28443,-13.994164535871148
ep28444,-13.994164535871148
ep28445,34.30073813880746
ep28446,-13.994164535871148
ep28447,-13.994164535871148
ep28448,-13.994164535871148
ep28449,37.02758712254613
ep28450,-13.994164535871148
ep28451,-13.994164535871148
ep28452,-13.994164535871148
ep28453,32.957730757419384
ep28454,-13.994164535871148
ep28455,-13.994164535871148
ep28456,30.311871915346735
ep28457,30.311871915346735
ep28458,-13.994164535871148
ep28459,-13.994164535871148
ep28460,30.311871915346735
ep28461,34.30073813880746
ep28462,39.80980218604849
ep28463,-13.994164535871148
ep28464,-13.994164535871148
ep28465,-13.994164535871148
ep28466,-13.994164535871148
ep28467,-13.994164535871148
ep28468,-13.994164535871148
ep28469,-13.994164535871148
ep28470,-13.994164535871148
ep28471,30.311871915346735
ep28472,-13.994164535871148
ep28473,-13.994164535871148
ep28474,-13.994164535871148
ep28475,-13.994164535871148
ep28476,30.311871915346735
ep28477,-13.994164535871148
ep28478,-13.994164535871148
ep28479,-13.994164535871148
ep28480,-13.994164535871148
ep28481,-13.994164535871148
ep28482,29.00875319619327
ep28483,-13.994164535871148
ep28484,-13.994164535871148
ep28485,-13.994164535871148
ep28486,30.311871915346735
ep28487,-13.994164535871148
ep28488,30.311871915346735
ep28489,-13.994164535871148
ep28490,31.628153449845186
ep28491,-13.994164535871148
ep28492,39.80980218604849
ep28493,-13.994164535871148
ep28494,32.957730757419384
ep28495,-13.994164535871148
ep28496,-13.994164535871148
ep28497,-13.994164535871148
ep28498,-13.994164535871148
ep28499,32.957730757419384
ep28500,32.957730757419384
ep28501,37.02758712254613
ep28502,37.02758712254613
ep28503,-13.994164535871148
ep28504,32.957730757419384
ep28505,32.957730757419384
ep28506,30.311871915346735
ep28507,-13.994164535871148
ep28508,-13.994164535871148
ep28509,32.957730757419384
ep28510,-13.994164535871148
ep28511,30.311871915346735
ep28512,-13.994164535871148
ep28513,-13.994164535871148
ep28514,-13.994164535871148
ep28515,-13.994164535871148
ep28516,-13.994164535871148
ep28517,-13.994164535871148
ep28518,-13.994164535871148
ep28519,-13.994164535871148
ep28520,38.41170416418801
ep28521,-13.994164535871148
ep28522,-13.994164535871148
ep28523,-13.994164535871148
ep28524,-13.994164535871148
ep28525,-13.994164535871148
ep28526,30.311871915346735
ep28527,-13.994164535871148
ep28528,30.311871915346735
ep28529,30.311871915346735
ep28530,34.30073813880746
ep28531,-13.994164535871148
ep28532,-13.994164535871148
ep28533,-13.994164535871148
ep28534,-13.994164535871148
ep28535,35.65731125132067
ep28536,30.311871915346735
ep28537,-13.994164535871148
ep28538,-13.994164535871148
ep28539,-13.994164535871148
ep28540,30.311871915346735
ep28541,31.628153449845186
ep28542,-13.994164535871148
ep28543,-13.994164535871148
ep28544,31.628153449845186
ep28545,-13.994164535871148
ep28546,-13.994164535871148
ep28547,-13.994164535871148
ep28548,-13.994164535871148
ep28549,-13.994164535871148
ep28550,37.02758712254613
ep28551,30.311871915346735
ep28552,-13.994164535871148
ep28553,-13.994164535871148
ep28554,-13.994164535871148
ep28555,-13.994164535871148
ep28556,-13.994164535871148
ep28557,32.957730757419384
ep28558,-13.994164535871148
ep28559,37.02758712254613
ep28560,-13.994164535871148
ep28561,30.311871915346735
ep28562,-13.994164535871148
ep28563,30.311871915346735
ep28564,30.311871915346735
ep28565,-13.994164535871148
ep28566,-13.994164535871148
ep28567,-13.994164535871148
ep28568,-13.994164535871148
ep28569,-13.994164535871148
ep28570,-13.994164535871148
ep28571,-13.994164535871148
ep28572,-13.994164535871148
ep28573,-13.994164535871148
ep28574,31.628153449845186
ep28575,-13.994164535871148
ep28576,37.02758712254613
ep28577,29.00875319619327
ep28578,32.957730757419384
ep28579,30.311871915346735
ep28580,30.311871915346735
ep28581,30.311871915346735
ep28582,-13.994164535871148
ep28583,31.628153449845186
ep28584,32.957730757419384
ep28585,-13.994164535871148
ep28586,-13.994164535871148
ep28587,29.00875319619327
ep28588,-13.994164535871148
ep28589,30.311871915346735
ep28590,-13.994164535871148
ep28591,-13.994164535871148
ep28592,-13.994164535871148
ep28593,-13.994164535871148
ep28594,-13.994164535871148
ep28595,32.957730757419384
ep28596,-13.994164535871148
ep28597,-13.994164535871148
ep28598,34.30073813880746
ep28599,-13.994164535871148
ep28600,-13.994164535871148
ep28601,-13.994164535871148
ep28602,35.65731125132067
ep28603,-13.994164535871148
ep28604,-13.994164535871148
ep28605,-13.994164535871148
ep28606,-13.994164535871148
ep28607,31.628153449845186
ep28608,-13.994164535871148
ep28609,30.311871915346735
ep28610,-13.994164535871148
ep28611,-13.994164535871148
ep28612,-13.994164535871148
ep28613,39.80980218604849
ep28614,32.957730757419384
ep28615,-13.994164535871148
ep28616,-13.994164535871148
ep28617,-13.994164535871148
ep28618,-13.994164535871148
ep28619,-13.994164535871148
ep28620,-13.994164535871148
ep28621,-13.994164535871148
ep28622,-13.994164535871148
ep28623,-13.994164535871148
ep28624,32.957730757419384
ep28625,29.00875319619327
ep28626,-13.994164535871148
ep28627,-13.994164535871148
ep28628,-13.994164535871148
ep28629,30.311871915346735
ep28630,-13.994164535871148
ep28631,-13.994164535871148
ep28632,35.65731125132067
ep28633,-13.994164535871148
ep28634,-13.994164535871148
ep28635,39.80980218604849
ep28636,30.311871915346735
ep28637,-13.994164535871148
ep28638,-13.994164535871148
ep28639,-13.994164535871148
ep28640,-13.994164535871148
ep28641,-13.994164535871148
ep28642,-13.994164535871148
ep28643,-13.994164535871148
ep28644,32.957730757419384
ep28645,-13.994164535871148
ep28646,-13.994164535871148
ep28647,-13.994164535871148
ep28648,-13.994164535871148
ep28649,-13.994164535871148
ep28650,-13.994164535871148
ep28651,-13.994164535871148
ep28652,-13.994164535871148
ep28653,37.02758712254613
ep28654,30.311871915346735
ep28655,-13.994164535871148
ep28656,-13.994164535871148
ep28657,37.02758712254613
ep28658,-13.994164535871148
ep28659,-13.994164535871148
ep28660,-13.994164535871148
ep28661,-13.994164535871148
ep28662,-13.994164535871148
ep28663,32.957730757419384
ep28664,-13.994164535871148
ep28665,30.311871915346735
ep28666,34.30073813880746
ep28667,30.311871915346735
ep28668,-13.994164535871148
ep28669,-13.994164535871148
ep28670,-13.994164535871148
ep28671,-13.994164535871148
ep28672,-13.994164535871148
ep28673,-13.994164535871148
ep28674,30.311871915346735
ep28675,32.957730757419384
ep28676,37.02758712254613
ep28677,-13.994164535871148
ep28678,30.311871915346735
ep28679,-13.994164535871148
ep28680,31.628153449845186
ep28681,29.00875319619327
ep28682,-13.994164535871148
ep28683,41.22202241015
ep28684,-13.994164535871148
ep28685,-13.994164535871148
ep28686,-13.994164535871148
ep28687,-13.994164535871148
ep28688,-13.994164535871148
ep28689,-13.994164535871148
ep28690,-13.994164535871148
ep28691,-13.994164535871148
ep28692,32.957730757419384
ep28693,-13.994164535871148
ep28694,-13.994164535871148
ep28695,-13.994164535871148
ep28696,30.311871915346735
ep28697,29.00875319619327
ep28698,-13.994164535871148
ep28699,-13.994164535871148
ep28700,-13.994164535871148
ep28701,-13.994164535871148
ep28702,-13.994164535871148
ep28703,30.311871915346735
ep28704,-13.994164535871148
ep28705,-13.994164535871148
ep28706,34.30073813880746
ep28707,30.311871915346735
ep28708,-13.994164535871148
ep28709,-13.994164535871148
ep28710,-13.994164535871148
ep28711,-13.994164535871148
ep28712,30.311871915346735
ep28713,-13.994164535871148
ep28714,-13.994164535871148
ep28715,-13.994164535871148
ep28716,-13.994164535871148
ep28717,29.00875319619327
ep28718,-13.994164535871148
ep28719,-13.994164535871148
ep28720,-13.994164535871148
ep28721,-13.994164535871148
ep28722,-13.994164535871148
ep28723,-13.994164535871148
ep28724,-13.994164535871148
ep28725,-13.994164535871148
ep28726,31.628153449845186
ep28727,-13.994164535871148
ep28728,-13.994164535871148
ep28729,-13.994164535871148
ep28730,-13.994164535871148
ep28731,37.02758712254613
ep28732,34.30073813880746
ep28733,-13.994164535871148
ep28734,30.311871915346735
ep28735,-13.994164535871148
ep28736,32.957730757419384
ep28737,-13.994164535871148
ep28738,32.957730757419384
ep28739,-13.994164535871148
ep28740,-13.994164535871148
ep28741,30.311871915346735
ep28742,-13.994164535871148
ep28743,-13.994164535871148
ep28744,-13.994164535871148
ep28745,-13.994164535871148
ep28746,-13.994164535871148
ep28747,32.957730757419384
ep28748,-13.994164535871148
ep28749,-13.994164535871148
ep28750,-13.994164535871148
ep28751,30.311871915346735
ep28752,-13.994164535871148
ep28753,-13.994164535871148
ep28754,-13.994164535871148
ep28755,30.311871915346735
ep28756,-13.994164535871148
ep28757,-13.994164535871148
ep28758,-13.994164535871148
ep28759,41.22202241015
ep28760,-13.994164535871148
ep28761,-13.994164535871148
ep28762,-13.994164535871148
ep28763,30.311871915346735
ep28764,-13.994164535871148
ep28765,-13.994164535871148
ep28766,-13.994164535871148
ep28767,31.628153449845186
ep28768,39.80980218604849
ep28769,-13.994164535871148
ep28770,30.311871915346735
ep28771,-13.994164535871148
ep28772,30.311871915346735
ep28773,-13.994164535871148
ep28774,-13.994164535871148
ep28775,-13.994164535871148
ep28776,-13.994164535871148
ep28777,30.311871915346735
ep28778,-13.994164535871148
ep28779,-13.994164535871148
ep28780,-13.994164535871148
ep28781,-13.994164535871148
ep28782,-13.994164535871148
ep28783,-13.994164535871148
ep28784,-13.994164535871148
ep28785,-13.994164535871148
ep28786,-13.994164535871148
ep28787,-13.994164535871148
ep28788,30.311871915346735
ep28789,-13.994164535871148
ep28790,30.311871915346735
ep28791,-13.994164535871148
ep28792,37.02758712254613
ep28793,39.80980218604849
ep28794,37.02758712254613
ep28795,30.311871915346735
ep28796,-13.994164535871148
ep28797,-13.994164535871148
ep28798,-13.994164535871148
ep28799,-13.994164535871148
ep28800,-13.994164535871148
ep28801,-13.994164535871148
ep28802,-13.994164535871148
ep28803,29.00875319619327
ep28804,-13.994164535871148
ep28805,32.957730757419384
ep28806,-13.994164535871148
ep28807,30.311871915346735
ep28808,-13.994164535871148
ep28809,-13.994164535871148
ep28810,34.30073813880746
ep28811,39.80980218604849
ep28812,-13.994164535871148
ep28813,-13.994164535871148
ep28814,-13.994164535871148
ep28815,-13.994164535871148
ep28816,-13.994164535871148
ep28817,-13.994164535871148
ep28818,-13.994164535871148
ep28819,-13.994164535871148
ep28820,-13.994164535871148
ep28821,30.311871915346735
ep28822,-13.994164535871148
ep28823,-13.994164535871148
ep28824,-13.994164535871148
ep28825,39.80980218604849
ep28826,41.22202241015
ep28827,34.30073813880746
ep28828,29.00875319619327
ep28829,-13.994164535871148
ep28830,-13.994164535871148
ep28831,-13.994164535871148
ep28832,29.00875319619327
ep28833,39.80980218604849
ep28834,-13.994164535871148
ep28835,-13.994164535871148
ep28836,-13.994164535871148
ep28837,-13.994164535871148
ep28838,-13.994164535871148
ep28839,-13.994164535871148
ep28840,-13.994164535871148
ep28841,-13.994164535871148
ep28842,-13.994164535871148
ep28843,-13.994164535871148
ep28844,41.22202241015
ep28845,35.65731125132067
ep28846,-13.994164535871148
ep28847,34.30073813880746
ep28848,39.80980218604849
ep28849,-13.994164535871148
ep28850,-13.994164535871148
ep28851,32.957730757419384
ep28852,-13.994164535871148
ep28853,-13.994164535871148
ep28854,30.311871915346735
ep28855,31.628153449845186
ep28856,-13.994164535871148
ep28857,-13.994164535871148
ep28858,37.02758712254613
ep28859,38.41170416418801
ep28860,-13.994164535871148
ep28861,-13.994164535871148
ep28862,-13.994164535871148
ep28863,-13.994164535871148
ep28864,30.311871915346735
ep28865,-13.994164535871148
ep28866,-13.994164535871148
ep28867,-13.994164535871148
ep28868,-13.994164535871148
ep28869,34.30073813880746
ep28870,-13.994164535871148
ep28871,-13.994164535871148
ep28872,-13.994164535871148
ep28873,-13.994164535871148
ep28874,39.80980218604849
ep28875,-13.994164535871148
ep28876,-13.994164535871148
ep28877,-13.994164535871148
ep28878,-13.994164535871148
ep28879,38.41170416418801
ep28880,-13.994164535871148
ep28881,-13.994164535871148
ep28882,30.311871915346735
ep28883,29.00875319619327
ep28884,30.311871915346735
ep28885,-13.994164535871148
ep28886,-13.994164535871148
ep28887,-13.994164535871148
ep28888,-13.994164535871148
ep28889,-13.994164535871148
ep28890,-13.994164535871148
ep28891,41.22202241015
ep28892,-13.994164535871148
ep28893,32.957730757419384
ep28894,34.30073813880746
ep28895,-13.994164535871148
ep28896,-13.994164535871148
ep28897,37.02758712254613
ep28898,-13.994164535871148
ep28899,30.311871915346735
ep28900,30.311871915346735
ep28901,-13.994164535871148
ep28902,-13.994164535871148
ep28903,-13.994164535871148
ep28904,-13.994164535871148
ep28905,-13.994164535871148
ep28906,-13.994164535871148
ep28907,37.02758712254613
ep28908,-13.994164535871148
ep28909,34.30073813880746
ep28910,37.02758712254613
ep28911,-13.994164535871148
ep28912,-13.994164535871148
ep28913,37.02758712254613
ep28914,-13.994164535871148
ep28915,31.628153449845186
ep28916,34.30073813880746
ep28917,-13.994164535871148
ep28918,-13.994164535871148
ep28919,30.311871915346735
ep28920,37.02758712254613
ep28921,32.957730757419384
ep28922,-13.994164535871148
ep28923,-13.994164535871148
ep28924,-13.994164535871148
ep28925,-13.994164535871148
ep28926,-13.994164535871148
ep28927,-13.994164535871148
ep28928,-13.994164535871148
ep28929,34.30073813880746
ep28930,-13.994164535871148
ep28931,-13.994164535871148
ep28932,38.41170416418801
ep28933,-13.994164535871148
ep28934,-13.994164535871148
ep28935,-13.994164535871148
ep28936,39.80980218604849
ep28937,-13.994164535871148
ep28938,-13.994164535871148
ep28939,30.311871915346735
ep28940,38.41170416418801
ep28941,-13.994164535871148
ep28942,-13.994164535871148
ep28943,-13.994164535871148
ep28944,-13.994164535871148
ep28945,-13.994164535871148
ep28946,-13.994164535871148
ep28947,-13.994164535871148
ep28948,-13.994164535871148
ep28949,-13.994164535871148
ep28950,30.311871915346735
ep28951,-13.994164535871148
ep28952,37.02758712254613
ep28953,30.311871915346735
ep28954,-13.994164535871148
ep28955,32.957730757419384
ep28956,-13.994164535871148
ep28957,-13.994164535871148
ep28958,30.311871915346735
ep28959,34.30073813880746
ep28960,-13.994164535871148
ep28961,-13.994164535871148
ep28962,-13.994164535871148
ep28963,-13.994164535871148
ep28964,-13.994164535871148
ep28965,30.311871915346735
ep28966,-13.994164535871148
ep28967,-13.994164535871148
ep28968,-13.994164535871148
ep28969,30.311871915346735
ep28970,-13.994164535871148
ep28971,32.957730757419384
ep28972,-13.994164535871148
ep28973,-13.994164535871148
ep28974,-13.994164535871148
ep28975,-13.994164535871148
ep28976,-13.994164535871148
ep28977,30.311871915346735
ep28978,-13.994164535871148
ep28979,-13.994164535871148
ep28980,-13.994164535871148
ep28981,-13.994164535871148
ep28982,-13.994164535871148
ep28983,-13.994164535871148
ep28984,38.41170416418801
ep28985,29.00875319619327
ep28986,-13.994164535871148
ep28987,-13.994164535871148
ep28988,-13.994164535871148
ep28989,-13.994164535871148
ep28990,-13.994164535871148
ep28991,-13.994164535871148
ep28992,-13.994164535871148
ep28993,-13.994164535871148
ep28994,-13.994164535871148
ep28995,-13.994164535871148
ep28996,-13.994164535871148
ep28997,-13.994164535871148
ep28998,-13.994164535871148
ep28999,-13.994164535871148
ep29000,37.02758712254613
ep29001,31.628153449845186
ep29002,-13.994164535871148
ep29003,-13.994164535871148
ep29004,-13.994164535871148
ep29005,-13.994164535871148
ep29006,-13.994164535871148
ep29007,-13.994164535871148
ep29008,30.311871915346735
ep29009,-13.994164535871148
ep29010,38.41170416418801
ep29011,-13.994164535871148
ep29012,-13.994164535871148
ep29013,-13.994164535871148
ep29014,-13.994164535871148
ep29015,-13.994164535871148
ep29016,-13.994164535871148
ep29017,-13.994164535871148
ep29018,-13.994164535871148
ep29019,-13.994164535871148
ep29020,-13.994164535871148
ep29021,-13.994164535871148
ep29022,30.311871915346735
ep29023,30.311871915346735
ep29024,-13.994164535871148
ep29025,-13.994164535871148
ep29026,-13.994164535871148
ep29027,41.22202241015
ep29028,-13.994164535871148
ep29029,30.311871915346735
ep29030,-13.994164535871148
ep29031,-13.994164535871148
ep29032,-13.994164535871148
ep29033,-13.994164535871148
ep29034,34.30073813880746
ep29035,-13.994164535871148
ep29036,-13.994164535871148
ep29037,-13.994164535871148
ep29038,-13.994164535871148
ep29039,-13.994164535871148
ep29040,39.80980218604849
ep29041,-13.994164535871148
ep29042,-13.994164535871148
ep29043,-13.994164535871148
ep29044,-13.994164535871148
ep29045,-13.994164535871148
ep29046,-13.994164535871148
ep29047,-13.994164535871148
ep29048,-13.994164535871148
ep29049,-13.994164535871148
ep29050,30.311871915346735
ep29051,35.65731125132067
ep29052,-13.994164535871148
ep29053,-13.994164535871148
ep29054,-13.994164535871148
ep29055,-13.994164535871148
ep29056,-13.994164535871148
ep29057,30.311871915346735
ep29058,41.22202241015
ep29059,-13.994164535871148
ep29060,-13.994164535871148
ep29061,-13.994164535871148
ep29062,-13.994164535871148
ep29063,-13.994164535871148
ep29064,37.02758712254613
ep29065,-13.994164535871148
ep29066,-13.994164535871148
ep29067,-13.994164535871148
ep29068,31.628153449845186
ep29069,-13.994164535871148
ep29070,34.30073813880746
ep29071,-13.994164535871148
ep29072,-13.994164535871148
ep29073,-13.994164535871148
ep29074,-13.994164535871148
ep29075,-13.994164535871148
ep29076,-13.994164535871148
ep29077,-13.994164535871148
ep29078,-13.994164535871148
ep29079,37.02758712254613
ep29080,41.22202241015
ep29081,30.311871915346735
ep29082,-13.994164535871148
ep29083,-13.994164535871148
ep29084,-13.994164535871148
ep29085,-13.994164535871148
ep29086,41.22202241015
ep29087,-13.994164535871148
ep29088,30.311871915346735
ep29089,30.311871915346735
ep29090,-13.994164535871148
ep29091,-13.994164535871148
ep29092,-13.994164535871148
ep29093,-13.994164535871148
ep29094,-13.994164535871148
ep29095,-13.994164535871148
ep29096,-13.994164535871148
ep29097,32.957730757419384
ep29098,30.311871915346735
ep29099,-13.994164535871148
ep29100,-13.994164535871148
ep29101,-13.994164535871148
ep29102,-13.994164535871148
ep29103,-13.994164535871148
ep29104,-13.994164535871148
ep29105,38.41170416418801
ep29106,-13.994164535871148
ep29107,32.957730757419384
ep29108,-13.994164535871148
ep29109,-13.994164535871148
ep29110,-13.994164535871148
ep29111,-13.994164535871148
ep29112,-13.994164535871148
ep29113,35.65731125132067
ep29114,-13.994164535871148
ep29115,-13.994164535871148
ep29116,-13.994164535871148
ep29117,-13.994164535871148
ep29118,-13.994164535871148
ep29119,30.311871915346735
ep29120,-13.994164535871148
ep29121,-13.994164535871148
ep29122,-13.994164535871148
ep29123,39.80980218604849
ep29124,-13.994164535871148
ep29125,-13.994164535871148
ep29126,31.628153449845186
ep29127,-13.994164535871148
ep29128,-13.994164535871148
ep29129,37.02758712254613
ep29130,-13.994164535871148
ep29131,-13.994164535871148
ep29132,-13.994164535871148
ep29133,-13.994164535871148
ep29134,-13.994164535871148
ep29135,-13.994164535871148
ep29136,34.30073813880746
ep29137,-13.994164535871148
ep29138,-13.994164535871148
ep29139,-13.994164535871148
ep29140,-13.994164535871148
ep29141,-13.994164535871148
ep29142,30.311871915346735
ep29143,-13.994164535871148
ep29144,41.22202241015
ep29145,-13.994164535871148
ep29146,38.41170416418801
ep29147,-13.994164535871148
ep29148,-13.994164535871148
ep29149,-13.994164535871148
ep29150,-13.994164535871148
ep29151,-13.994164535871148
ep29152,-13.994164535871148
ep29153,39.80980218604849
ep29154,30.311871915346735
ep29155,-13.994164535871148
ep29156,-13.994164535871148
ep29157,-13.994164535871148
ep29158,32.957730757419384
ep29159,-13.994164535871148
ep29160,-13.994164535871148
ep29161,-13.994164535871148
ep29162,30.311871915346735
ep29163,-13.994164535871148
ep29164,-13.994164535871148
ep29165,37.02758712254613
ep29166,-13.994164535871148
ep29167,-13.994164535871148
ep29168,-13.994164535871148
ep29169,-13.994164535871148
ep29170,-13.994164535871148
ep29171,-13.994164535871148
ep29172,-13.994164535871148
ep29173,-13.994164535871148
ep29174,-13.994164535871148
ep29175,-13.994164535871148
ep29176,-13.994164535871148
ep29177,-13.994164535871148
ep29178,32.957730757419384
ep29179,-13.994164535871148
ep29180,-13.994164535871148
ep29181,-13.994164535871148
ep29182,-13.994164535871148
ep29183,-13.994164535871148
ep29184,30.311871915346735
ep29185,-13.994164535871148
ep29186,37.02758712254613
ep29187,34.30073813880746
ep29188,-13.994164535871148
ep29189,-13.994164535871148
ep29190,30.311871915346735
ep29191,-13.994164535871148
ep29192,-13.994164535871148
ep29193,-13.994164535871148
ep29194,-13.994164535871148
ep29195,31.628153449845186
ep29196,-13.994164535871148
ep29197,37.02758712254613
ep29198,-13.994164535871148
ep29199,-13.994164535871148
ep29200,30.311871915346735
ep29201,-13.994164535871148
ep29202,30.311871915346735
ep29203,-13.994164535871148
ep29204,-13.994164535871148
ep29205,-13.994164535871148
ep29206,-13.994164535871148
ep29207,41.22202241015
ep29208,-13.994164535871148
ep29209,-13.994164535871148
ep29210,-13.994164535871148
ep29211,-13.994164535871148
ep29212,-13.994164535871148
ep29213,-13.994164535871148
ep29214,-13.994164535871148
ep29215,29.00875319619327
ep29216,-13.994164535871148
ep29217,-13.994164535871148
ep29218,-13.994164535871148
ep29219,-13.994164535871148
ep29220,-13.994164535871148
ep29221,-13.994164535871148
ep29222,-13.994164535871148
ep29223,-13.994164535871148
ep29224,-13.994164535871148
ep29225,-13.994164535871148
ep29226,-13.994164535871148
ep29227,29.00875319619327
ep29228,34.30073813880746
ep29229,-13.994164535871148
ep29230,-13.994164535871148
ep29231,-13.994164535871148
ep29232,39.80980218604849
ep29233,30.311871915346735
ep29234,-13.994164535871148
ep29235,-13.994164535871148
ep29236,-13.994164535871148
ep29237,-13.994164535871148
ep29238,-13.994164535871148
ep29239,-13.994164535871148
ep29240,-13.994164535871148
ep29241,-13.994164535871148
ep29242,-13.994164535871148
ep29243,-13.994164535871148
ep29244,-13.994164535871148
ep29245,39.80980218604849
ep29246,-13.994164535871148
ep29247,-13.994164535871148
ep29248,-13.994164535871148
ep29249,-13.994164535871148
ep29250,-13.994164535871148
ep29251,-13.994164535871148
ep29252,-13.994164535871148
ep29253,-13.994164535871148
ep29254,30.311871915346735
ep29255,32.957730757419384
ep29256,-13.994164535871148
ep29257,-13.994164535871148
ep29258,-13.994164535871148
ep29259,-13.994164535871148
ep29260,30.311871915346735
ep29261,-13.994164535871148
ep29262,-13.994164535871148
ep29263,-13.994164535871148
ep29264,-13.994164535871148
ep29265,-13.994164535871148
ep29266,-13.994164535871148
ep29267,-13.994164535871148
ep29268,-13.994164535871148
ep29269,39.80980218604849
ep29270,39.80980218604849
ep29271,-13.994164535871148
ep29272,-13.994164535871148
ep29273,-13.994164535871148
ep29274,-13.994164535871148
ep29275,-13.994164535871148
ep29276,41.22202241015
ep29277,-13.994164535871148
ep29278,-13.994164535871148
ep29279,-13.994164535871148
ep29280,32.957730757419384
ep29281,-13.994164535871148
ep29282,38.41170416418801
ep29283,29.00875319619327
ep29284,-13.994164535871148
ep29285,37.02758712254613
ep29286,-13.994164535871148
ep29287,-13.994164535871148
ep29288,32.957730757419384
ep29289,-13.994164535871148
ep29290,29.00875319619327
ep29291,-13.994164535871148
ep29292,-13.994164535871148
ep29293,-13.994164535871148
ep29294,-13.994164535871148
ep29295,34.30073813880746
ep29296,-13.994164535871148
ep29297,-13.994164535871148
ep29298,-13.994164535871148
ep29299,-13.994164535871148
ep29300,-13.994164535871148
ep29301,-13.994164535871148
ep29302,38.41170416418801
ep29303,-13.994164535871148
ep29304,-13.994164535871148
ep29305,-13.994164535871148
ep29306,-13.994164535871148
ep29307,37.02758712254613
ep29308,-13.994164535871148
ep29309,-13.994164535871148
ep29310,-13.994164535871148
ep29311,-13.994164535871148
ep29312,-13.994164535871148
ep29313,31.628153449845186
ep29314,-13.994164535871148
ep29315,-13.994164535871148
ep29316,-13.994164535871148
ep29317,-13.994164535871148
ep29318,-13.994164535871148
ep29319,-13.994164535871148
ep29320,30.311871915346735
ep29321,38.41170416418801
ep29322,-13.994164535871148
ep29323,-13.994164535871148
ep29324,30.311871915346735
ep29325,-13.994164535871148
ep29326,31.628153449845186
ep29327,-13.994164535871148
ep29328,37.02758712254613
ep29329,-13.994164535871148
ep29330,-13.994164535871148
ep29331,-13.994164535871148
ep29332,-13.994164535871148
ep29333,-13.994164535871148
ep29334,-13.994164535871148
ep29335,-13.994164535871148
ep29336,-13.994164535871148
ep29337,-13.994164535871148
ep29338,-13.994164535871148
ep29339,29.00875319619327
ep29340,-13.994164535871148
ep29341,-13.994164535871148
ep29342,-13.994164535871148
ep29343,-13.994164535871148
ep29344,-13.994164535871148
ep29345,37.02758712254613
ep29346,-13.994164535871148
ep29347,-13.994164535871148
ep29348,-13.994164535871148
ep29349,41.22202241015
ep29350,30.311871915346735
ep29351,29.00875319619327
ep29352,-13.994164535871148
ep29353,-13.994164535871148
ep29354,-13.994164535871148
ep29355,38.41170416418801
ep29356,-13.994164535871148
ep29357,-13.994164535871148
ep29358,31.628153449845186
ep29359,-13.994164535871148
ep29360,-13.994164535871148
ep29361,-13.994164535871148
ep29362,-13.994164535871148
ep29363,-13.994164535871148
ep29364,-13.994164535871148
ep29365,34.30073813880746
ep29366,-13.994164535871148
ep29367,-13.994164535871148
ep29368,41.22202241015
ep29369,-13.994164535871148
ep29370,-13.994164535871148
ep29371,-13.994164535871148
ep29372,-13.994164535871148
ep29373,-13.994164535871148
ep29374,-13.994164535871148
ep29375,-13.994164535871148
ep29376,-13.994164535871148
ep29377,-13.994164535871148
ep29378,-13.994164535871148
ep29379,-13.994164535871148
ep29380,-13.994164535871148
ep29381,-13.994164535871148
ep29382,-13.994164535871148
ep29383,-13.994164535871148
ep29384,-13.994164535871148
ep29385,-13.994164535871148
ep29386,-13.994164535871148
ep29387,-13.994164535871148
ep29388,29.00875319619327
ep29389,-13.994164535871148
ep29390,-13.994164535871148
ep29391,30.311871915346735
ep29392,-13.994164535871148
ep29393,-13.994164535871148
ep29394,-13.994164535871148
ep29395,-13.994164535871148
ep29396,-13.994164535871148
ep29397,-13.994164535871148
ep29398,-13.994164535871148
ep29399,-13.994164535871148
ep29400,-13.994164535871148
ep29401,30.311871915346735
ep29402,-13.994164535871148
ep29403,-13.994164535871148
ep29404,-13.994164535871148
ep29405,-13.994164535871148
ep29406,37.02758712254613
ep29407,-13.994164535871148
ep29408,-13.994164535871148
ep29409,-13.994164535871148
ep29410,-13.994164535871148
ep29411,-13.994164535871148
ep29412,-13.994164535871148
ep29413,-13.994164535871148
ep29414,-13.994164535871148
ep29415,-13.994164535871148
ep29416,-13.994164535871148
ep29417,-13.994164535871148
ep29418,-13.994164535871148
ep29419,-13.994164535871148
ep29420,29.00875319619327
ep29421,-13.994164535871148
ep29422,-13.994164535871148
ep29423,-13.994164535871148
ep29424,-13.994164535871148
ep29425,34.30073813880746
ep29426,-13.994164535871148
ep29427,-13.994164535871148
ep29428,34.30073813880746
ep29429,-13.994164535871148
ep29430,-13.994164535871148
ep29431,-13.994164535871148
ep29432,-13.994164535871148
ep29433,-13.994164535871148
ep29434,-13.994164535871148
ep29435,-13.994164535871148
ep29436,-13.994164535871148
ep29437,-13.994164535871148
ep29438,-13.994164535871148
ep29439,30.311871915346735
ep29440,32.957730757419384
ep29441,-13.994164535871148
ep29442,-13.994164535871148
ep29443,-13.994164535871148
ep29444,-13.994164535871148
ep29445,29.00875319619327
ep29446,-13.994164535871148
ep29447,37.02758712254613
ep29448,-13.994164535871148
ep29449,-13.994164535871148
ep29450,-13.994164535871148
ep29451,-13.994164535871148
ep29452,-13.994164535871148
ep29453,-13.994164535871148
ep29454,34.30073813880746
ep29455,30.311871915346735
ep29456,30.311871915346735
ep29457,30.311871915346735
ep29458,32.957730757419384
ep29459,-13.994164535871148
ep29460,39.80980218604849
ep29461,-13.994164535871148
ep29462,-13.994164535871148
ep29463,-13.994164535871148
ep29464,-13.994164535871148
ep29465,35.65731125132067
ep29466,32.957730757419384
ep29467,-13.994164535871148
ep29468,-13.994164535871148
ep29469,-13.994164535871148
ep29470,-13.994164535871148
ep29471,32.957730757419384
ep29472,-13.994164535871148
ep29473,-13.994164535871148
ep29474,-13.994164535871148
ep29475,-13.994164535871148
ep29476,30.311871915346735
ep29477,-13.994164535871148
ep29478,-13.994164535871148
ep29479,37.02758712254613
ep29480,-13.994164535871148
ep29481,-13.994164535871148
ep29482,-13.994164535871148
ep29483,-13.994164535871148
ep29484,-13.994164535871148
ep29485,-13.994164535871148
ep29486,-13.994164535871148
ep29487,-13.994164535871148
ep29488,-13.994164535871148
ep29489,38.41170416418801
ep29490,-13.994164535871148
ep29491,-13.994164535871148
ep29492,-13.994164535871148
ep29493,37.02758712254613
ep29494,30.311871915346735
ep29495,-13.994164535871148
ep29496,-13.994164535871148
ep29497,-13.994164535871148
ep29498,-13.994164535871148
ep29499,-13.994164535871148
ep29500,37.02758712254613
ep29501,-13.994164535871148
ep29502,-13.994164535871148
ep29503,-13.994164535871148
ep29504,-13.994164535871148
ep29505,30.311871915346735
ep29506,-13.994164535871148
ep29507,-13.994164535871148
ep29508,31.628153449845186
ep29509,-13.994164535871148
ep29510,32.957730757419384
ep29511,-13.994164535871148
ep29512,-13.994164535871148
ep29513,30.311871915346735
ep29514,-13.994164535871148
ep29515,-13.994164535871148
ep29516,-13.994164535871148
ep29517,-13.994164535871148
ep29518,-13.994164535871148
ep29519,-13.994164535871148
ep29520,-13.994164535871148
ep29521,34.30073813880746
ep29522,-13.994164535871148
ep29523,-13.994164535871148
ep29524,-13.994164535871148
ep29525,-13.994164535871148
ep29526,-13.994164535871148
ep29527,-13.994164535871148
ep29528,31.628153449845186
ep29529,37.02758712254613
ep29530,-13.994164535871148
ep29531,-13.994164535871148
ep29532,-13.994164535871148
ep29533,-13.994164535871148
ep29534,-13.994164535871148
ep29535,-13.994164535871148
ep29536,-13.994164535871148
ep29537,-13.994164535871148
ep29538,30.311871915346735
ep29539,35.65731125132067
ep29540,-13.994164535871148
ep29541,-13.994164535871148
ep29542,31.628153449845186
ep29543,30.311871915346735
ep29544,-13.994164535871148
ep29545,-13.994164535871148
ep29546,34.30073813880746
ep29547,-13.994164535871148
ep29548,-13.994164535871148
ep29549,-13.994164535871148
ep29550,30.311871915346735
ep29551,-13.994164535871148
ep29552,-13.994164535871148
ep29553,-13.994164535871148
ep29554,-13.994164535871148
ep29555,-13.994164535871148
ep29556,-13.994164535871148
ep29557,-13.994164535871148
ep29558,32.957730757419384
ep29559,-13.994164535871148
ep29560,-13.994164535871148
ep29561,-13.994164535871148
ep29562,34.30073813880746
ep29563,-13.994164535871148
ep29564,-13.994164535871148
ep29565,-13.994164535871148
ep29566,31.628153449845186
ep29567,-13.994164535871148
ep29568,-13.994164535871148
ep29569,-13.994164535871148
ep29570,-13.994164535871148
ep29571,-13.994164535871148
ep29572,-13.994164535871148
ep29573,-13.994164535871148
ep29574,-13.994164535871148
ep29575,-13.994164535871148
ep29576,-13.994164535871148
ep29577,37.02758712254613
ep29578,-13.994164535871148
ep29579,-13.994164535871148
ep29580,-13.994164535871148
ep29581,-13.994164535871148
ep29582,-13.994164535871148
ep29583,-13.994164535871148
ep29584,-13.994164535871148
ep29585,-13.994164535871148
ep29586,-13.994164535871148
ep29587,-13.994164535871148
ep29588,-13.994164535871148
ep29589,-13.994164535871148
ep29590,-13.994164535871148
ep29591,-13.994164535871148
ep29592,-13.994164535871148
ep29593,-13.994164535871148
ep29594,-13.994164535871148
ep29595,-13.994164535871148
ep29596,30.311871915346735
ep29597,32.957730757419384
ep29598,30.311871915346735
ep29599,-13.994164535871148
ep29600,-13.994164535871148
ep29601,-13.994164535871148
ep29602,-13.994164535871148
ep29603,-13.994164535871148
ep29604,-13.994164535871148
ep29605,-13.994164535871148
ep29606,-13.994164535871148
ep29607,-13.994164535871148
ep29608,-13.994164535871148
ep29609,-13.994164535871148
ep29610,-13.994164535871148
ep29611,-13.994164535871148
ep29612,37.02758712254613
ep29613,-13.994164535871148
ep29614,-13.994164535871148
ep29615,-13.994164535871148
ep29616,37.02758712254613
ep29617,37.02758712254613
ep29618,-13.994164535871148
ep29619,-13.994164535871148
ep29620,-13.994164535871148
ep29621,41.22202241015
ep29622,-13.994164535871148
ep29623,-13.994164535871148
ep29624,32.957730757419384
ep29625,-13.994164535871148
ep29626,-13.994164535871148
ep29627,-13.994164535871148
ep29628,-13.994164535871148
ep29629,-13.994164535871148
ep29630,-13.994164535871148
ep29631,-13.994164535871148
ep29632,-13.994164535871148
ep29633,-13.994164535871148
ep29634,-13.994164535871148
ep29635,-13.994164535871148
ep29636,-13.994164535871148
ep29637,-13.994164535871148
ep29638,-13.994164535871148
ep29639,-13.994164535871148
ep29640,-13.994164535871148
ep29641,37.02758712254613
ep29642,-13.994164535871148
ep29643,31.628153449845186
ep29644,-13.994164535871148
ep29645,-13.994164535871148
ep29646,-13.994164535871148
ep29647,-13.994164535871148
ep29648,-13.994164535871148
ep29649,-13.994164535871148
ep29650,-13.994164535871148
ep29651,32.957730757419384
ep29652,-13.994164535871148
ep29653,37.02758712254613
ep29654,-13.994164535871148
ep29655,-13.994164535871148
ep29656,-13.994164535871148
ep29657,-13.994164535871148
ep29658,-13.994164535871148
ep29659,-13.994164535871148
ep29660,30.311871915346735
ep29661,-13.994164535871148
ep29662,-13.994164535871148
ep29663,-13.994164535871148
ep29664,-13.994164535871148
ep29665,-13.994164535871148
ep29666,32.957730757419384
ep29667,-13.994164535871148
ep29668,-13.994164535871148
ep29669,-13.994164535871148
ep29670,-13.994164535871148
ep29671,-13.994164535871148
ep29672,37.02758712254613
ep29673,-13.994164535871148
ep29674,-13.994164535871148
ep29675,-13.994164535871148
ep29676,-13.994164535871148
ep29677,-13.994164535871148
ep29678,-13.994164535871148
ep29679,34.30073813880746
ep29680,-13.994164535871148
ep29681,-13.994164535871148
ep29682,-13.994164535871148
ep29683,-13.994164535871148
ep29684,-13.994164535871148
ep29685,-13.994164535871148
ep29686,-13.994164535871148
ep29687,30.311871915346735
ep29688,-13.994164535871148
ep29689,34.30073813880746
ep29690,-13.994164535871148
ep29691,31.628153449845186
ep29692,-13.994164535871148
ep29693,-13.994164535871148
ep29694,-13.994164535871148
ep29695,-13.994164535871148
ep29696,-13.994164535871148
ep29697,-13.994164535871148
ep29698,-13.994164535871148
ep29699,-13.994164535871148
ep29700,-13.994164535871148
ep29701,37.02758712254613
ep29702,-13.994164535871148
ep29703,-13.994164535871148
ep29704,32.957730757419384
ep29705,-13.994164535871148
ep29706,-13.994164535871148
ep29707,30.311871915346735
ep29708,-13.994164535871148
ep29709,-13.994164535871148
ep29710,-13.994164535871148
ep29711,-13.994164535871148
ep29712,32.957730757419384
ep29713,-13.994164535871148
ep29714,-13.994164535871148
ep29715,-13.994164535871148
ep29716,-13.994164535871148
ep29717,-13.994164535871148
ep29718,-13.994164535871148
ep29719,-13.994164535871148
ep29720,30.311871915346735
ep29721,37.02758712254613
ep29722,32.957730757419384
ep29723,-13.994164535871148
ep29724,-13.994164535871148
ep29725,-13.994164535871148
ep29726,-13.994164535871148
ep29727,-13.994164535871148
ep29728,30.311871915346735
ep29729,-13.994164535871148
ep29730,30.311871915346735
ep29731,-13.994164535871148
ep29732,-13.994164535871148
ep29733,-13.994164535871148
ep29734,37.02758712254613
ep29735,39.80980218604849
ep29736,-13.994164535871148
ep29737,30.311871915346735
ep29738,-13.994164535871148
ep29739,-13.994164535871148
ep29740,-13.994164535871148
ep29741,-13.994164535871148
ep29742,-13.994164535871148
ep29743,-13.994164535871148
ep29744,34.30073813880746
ep29745,30.311871915346735
ep29746,-13.994164535871148
ep29747,-13.994164535871148
ep29748,-13.994164535871148
ep29749,-13.994164535871148
ep29750,-13.994164535871148
ep29751,-13.994164535871148
ep29752,-13.994164535871148
ep29753,-13.994164535871148
ep29754,-13.994164535871148
ep29755,-13.994164535871148
ep29756,-13.994164535871148
ep29757,-13.994164535871148
ep29758,-13.994164535871148
ep29759,-13.994164535871148
ep29760,-13.994164535871148
ep29761,-13.994164535871148
ep29762,-13.994164535871148
ep29763,-13.994164535871148
ep29764,30.311871915346735
ep29765,38.41170416418801
ep29766,30.311871915346735
ep29767,30.311871915346735
ep29768,-13.994164535871148
ep29769,37.02758712254613
ep29770,30.311871915346735
ep29771,-13.994164535871148
ep29772,-13.994164535871148
ep29773,30.311871915346735
ep29774,-13.994164535871148
ep29775,30.311871915346735
ep29776,30.311871915346735
ep29777,32.957730757419384
ep29778,-13.994164535871148
ep29779,-13.994164535871148
ep29780,30.311871915346735
ep29781,-13.994164535871148
ep29782,-13.994164535871148
ep29783,30.311871915346735
ep29784,35.65731125132067
ep29785,-13.994164535871148
ep29786,-13.994164535871148
ep29787,-13.994164535871148
ep29788,31.628153449845186
ep29789,30.311871915346735
ep29790,-13.994164535871148
ep29791,39.80980218604849
ep29792,-13.994164535871148
ep29793,30.311871915346735
ep29794,-13.994164535871148
ep29795,34.30073813880746
ep29796,-13.994164535871148
ep29797,30.311871915346735
ep29798,30.311871915346735
ep29799,32.957730757419384
ep29800,-13.994164535871148
ep29801,-13.994164535871148
ep29802,30.311871915346735
ep29803,30.311871915346735
ep29804,-13.994164535871148
ep29805,34.30073813880746
ep29806,-13.994164535871148
ep29807,-13.994164535871148
ep29808,-13.994164535871148
ep29809,-13.994164535871148
ep29810,30.311871915346735
ep29811,-13.994164535871148
ep29812,-13.994164535871148
ep29813,30.311871915346735
ep29814,-13.994164535871148
ep29815,30.311871915346735
ep29816,32.957730757419384
ep29817,30.311871915346735
ep29818,-13.994164535871148
ep29819,-13.994164535871148
ep29820,30.311871915346735
ep29821,31.628153449845186
ep29822,35.65731125132067
ep29823,-13.994164535871148
ep29824,-13.994164535871148
ep29825,32.957730757419384
ep29826,-13.994164535871148
ep29827,31.628153449845186
ep29828,30.311871915346735
ep29829,-13.994164535871148
ep29830,-13.994164535871148
ep29831,-13.994164535871148
ep29832,-13.994164535871148
ep29833,-13.994164535871148
ep29834,38.41170416418801
ep29835,30.311871915346735
ep29836,30.311871915346735
ep29837,-13.994164535871148
ep29838,30.311871915346735
ep29839,-13.994164535871148
ep29840,-13.994164535871148
ep29841,-13.994164535871148
ep29842,-13.994164535871148
ep29843,-13.994164535871148
ep29844,-13.994164535871148
ep29845,-13.994164535871148
ep29846,-13.994164535871148
ep29847,-13.994164535871148
ep29848,41.22202241015
ep29849,-13.994164535871148
ep29850,-13.994164535871148
ep29851,-13.994164535871148
ep29852,-13.994164535871148
ep29853,32.957730757419384
ep29854,-13.994164535871148
ep29855,-13.994164535871148
ep29856,30.311871915346735
ep29857,-13.994164535871148
ep29858,-13.994164535871148
ep29859,-13.994164535871148
ep29860,-13.994164535871148
ep29861,-13.994164535871148
ep29862,-13.994164535871148
ep29863,30.311871915346735
ep29864,-13.994164535871148
ep29865,-13.994164535871148
ep29866,-13.994164535871148
ep29867,31.628153449845186
ep29868,39.80980218604849
ep29869,30.311871915346735
ep29870,-13.994164535871148
ep29871,-13.994164535871148
ep29872,-13.994164535871148
ep29873,-13.994164535871148
ep29874,-13.994164535871148
ep29875,-13.994164535871148
ep29876,-13.994164535871148
ep29877,-13.994164535871148
ep29878,30.311871915346735
ep29879,-13.994164535871148
ep29880,-13.994164535871148
ep29881,32.957730757419384
ep29882,32.957730757419384
ep29883,-13.994164535871148
ep29884,-13.994164535871148
ep29885,-13.994164535871148
ep29886,30.311871915346735
ep29887,-13.994164535871148
ep29888,-13.994164535871148
ep29889,-13.994164535871148
ep29890,31.628153449845186
ep29891,-13.994164535871148
ep29892,-13.994164535871148
ep29893,-13.994164535871148
ep29894,30.311871915346735
ep29895,-13.994164535871148
ep29896,-13.994164535871148
ep29897,-13.994164535871148
ep29898,-13.994164535871148
ep29899,34.30073813880746
ep29900,30.311871915346735
ep29901,30.311871915346735
ep29902,30.311871915346735
ep29903,-13.994164535871148
ep29904,-13.994164535871148
ep29905,-13.994164535871148
ep29906,-13.994164535871148
ep29907,32.957730757419384
ep29908,-13.994164535871148
ep29909,-13.994164535871148
ep29910,30.311871915346735
ep29911,-13.994164535871148
ep29912,-13.994164535871148
ep29913,34.30073813880746
ep29914,30.311871915346735
ep29915,-13.994164535871148
ep29916,30.311871915346735
ep29917,30.311871915346735
ep29918,34.30073813880746
ep29919,39.80980218604849
ep29920,30.311871915346735
ep29921,30.311871915346735
ep29922,32.957730757419384
ep29923,-13.994164535871148
ep29924,30.311871915346735
ep29925,-13.994164535871148
ep29926,-13.994164535871148
ep29927,-13.994164535871148
ep29928,-13.994164535871148
ep29929,-13.994164535871148
ep29930,-13.994164535871148
ep29931,-13.994164535871148
ep29932,-13.994164535871148
ep29933,-13.994164535871148
ep29934,30.311871915346735
ep29935,39.80980218604849
ep29936,-13.994164535871148
ep29937,30.311871915346735
ep29938,-13.994164535871148
ep29939,-13.994164535871148
ep29940,30.311871915346735
ep29941,-13.994164535871148
ep29942,-13.994164535871148
ep29943,-13.994164535871148
ep29944,-13.994164535871148
ep29945,30.311871915346735
ep29946,-13.994164535871148
ep29947,-13.994164535871148
ep29948,-13.994164535871148
ep29949,30.311871915346735
ep29950,-13.994164535871148
ep29951,-13.994164535871148
ep29952,-13.994164535871148
ep29953,30.311871915346735
ep29954,30.311871915346735
ep29955,30.311871915346735
ep29956,29.00875319619327
ep29957,30.311871915346735
ep29958,-13.994164535871148
ep29959,30.311871915346735
ep29960,30.311871915346735
ep29961,32.957730757419384
ep29962,-13.994164535871148
ep29963,39.80980218604849
ep29964,32.957730757419384
ep29965,-13.994164535871148
ep29966,32.957730757419384
ep29967,-13.994164535871148
ep29968,30.311871915346735
ep29969,30.311871915346735
ep29970,-13.994164535871148
ep29971,32.957730757419384
ep29972,30.311871915346735
ep29973,29.00875319619327
ep29974,29.00875319619327
ep29975,-13.994164535871148
ep29976,-13.994164535871148
ep29977,-13.994164535871148
ep29978,30.311871915346735
ep29979,30.311871915346735
ep29980,-13.994164535871148
ep29981,-13.994164535871148
ep29982,-13.994164535871148
ep29983,-13.994164535871148
ep29984,-13.994164535871148
ep29985,30.311871915346735
ep29986,-13.994164535871148
ep29987,-13.994164535871148
ep29988,30.311871915346735
ep29989,-13.994164535871148
ep29990,32.957730757419384
ep29991,-13.994164535871148
ep29992,-13.994164535871148
ep29993,-13.994164535871148
ep29994,39.80980218604849
ep29995,-13.994164535871148
ep29996,-13.994164535871148
ep29997,-13.994164535871148
ep29998,-13.994164535871148
ep29999,-13.994164535871148
ep30000,-13.994164535871148
